0b010301 0b02fc01 10000 7640 1500000000 2000000000 122946504 123979638
0b010801 0b02f701 10000 7590 1500000000 2000000000 122946504 123979638
0b011b01 0b02e401 10000 7400 1500000000 2000000000 122946504 123979638
0b011f01 0b02e001 10000 7360 1500000000 2000000000 122946504 123979638
0b012101 0b02de01 10000 7340 1500000000 2000000000 122946504 123979638
0b012a01 0b02d501 10000 7250 1500000000 2000000000 122946504 123979638
0b013901 0b02c601 10000 7100 1500000000 2000000000 122946504 123979638
0b014501 0b02ba01 10000 6980 1500000000 2000000000 122946504 123979638
0b014601 0b02b901 10000 6970 1500000000 2000000000 122946504 123979638
0b014801 0b02b701 10000 6950 1500000000 2000000000 122946504 123979638
0b015601 0b02a901 10000 6810 1500000000 2000000000 122946504 123979638
0b016401 0b029b01 10000 6670 1500000000 2000000000 122946504 123979638
0b016901 0b029601 10000 6620 1500000000 2000000000 122946504 123979638
0b017801 0b028701 10000 6470 1500000000 2000000000 122946504 123979638
0b017b01 0b028401 10000 6440 1500000000 2000000000 122946504 123979638
0b017f01 0b028001 10000 6400 1500000000 2000000000 122946504 123979638
0b018601 0b027901 10000 6330 1500000000 2000000000 122946504 123979638
0b018701 0b027801 10000 6320 1500000000 2000000000 122946504 123979638
0b018c01 0b027301 10000 6270 1500000000 2000000000 122946504 123979638
0b019501 0b026a01 10000 6180 1500000000 2000000000 122946504 123979638
0b019801 0b026701 10000 6150 1500000000 2000000000 122946504 123979638
0b019c01 0b026301 10000 6110 1500000000 2000000000 122946504 123979638
0b01a301 0b025c01 10000 6040 1500000000 2000000000 122946504 123979638
0b01a401 0b025b01 10000 6030 1500000000 2000000000 122946504 123979638
0b01a801 0b025701 10000 5990 1500000000 2000000000 122946504 123979638
0b01ab01 0b025401 10000 5960 1500000000 2000000000 122946504 123979638
0b01ba01 0b024501 10000 5810 1500000000 2000000000 122946504 123979638
0b01c001 0b023f01 10000 5750 1500000000 2000000000 122946504 123979638
0b01ca01 0b023501 10000 5650 1500000000 2000000000 122946504 123979638
0b01cb01 0b023401 10000 5640 1500000000 2000000000 122946504 123979638
0b01d201 0b022d01 10000 5570 1500000000 2000000000 122946504 123979638
0b01d701 0b022801 10000 5520 1500000000 2000000000 122946504 123979638
0b01df01 0b022001 10000 5440 1500000000 2000000000 122946504 123979638
0b01e201 0b021d01 10000 5410 1500000000 2000000000 122946504 123979638
0b01f201 0b020d01 10000 5250 1500000000 2000000000 122946504 123979638
0b01f401 0b020b01 10000 5230 1500000000 2000000000 122946504 123979638
0b01fc01 0b020301 10000 5150 1500000000 2000000000 122946504 123979638
0b01ad01 0b025201 10000 5940 1500000000 2000000000 122946508 123979638
0b019701 0b026801 10000 6160 1500000000 2000000000 122946508 123979638
0b01d301 0b022c01 10000 5560 1500000000 2000000000 122946508 123979638
0b01bd01 0b024201 10000 5780 1500000000 2000000000 152140638 123979638
0b01c501 0b023a01 10000 5700 1500000000 2000000000 160729225 123979638
0b01d501 0b022a01 10000 5540 1500000000 2000000000 160733288 123979638
0b01ed01 0b021201 10000 5300 1500000000 2000000000 160742434 123979638
0b015701 0b02a801 10000 6800 1500000000 2000000000 160964148 123979638
0b012e01 0b02d101 10000 7210 1500000000 2000000000 175975488 123979638
0b015901 0b02a601 10000 6780 1500000000 2000000000 175975488 123979638
0b01d601 0b022901 10000 5530 1500000000 2000000000 175975488 123979638
0b01c701 0b023801 10000 5680 1500000000 2000000000 175975522 123979638
0b01c601 0b023901 10000 5690 1500000000 2000000000 175975998 123979638
0b012701 0b02d801 10000 7280 1500000000 2000000000 175978854 123979638
0b01d801 0b022701 10000 5510 1500000000 2000000000 175980877 123979638
0b01b501 0b024a01 10000 5860 1500000000 2000000000 175986470 123979638
0b01b401 0b024b01 10000 5870 1500000000 2000000000 175988850 123979638
0b011601 0b02e901 10000 7450 1500000000 2000000000 175995021 123979638
0b01a101 0b025e01 10000 6060 1500000000 2000000000 179289196 123979638
0b019401 0b026b01 10000 6190 1500000000 2000000000 179289315 123979638
0b01cc01 0b023301 10000 5630 1500000000 2000000000 190920494 123979638
0b011201 0b02ed01 10000 7490 1500000000 2000000000 208997393 123979638
0b016b01 0b029401 10000 6600 1500000000 2000000000 208997393 123979638
0b01a201 0b025d01 10000 6050 1500000000 2000000000 208997393 123979638
0b012901 0b02d601 10000 7260 1500000000 2000000000 209008120 123979638
0b017c01 0b028301 10000 6430 1500000000 2000000000 209008120 123979638
0b01b101 0b024e01 10000 5900 1500000000 2000000000 209008120 123979638
0b011101 0b02ee01 10000 7500 1500000000 2000000000 209074063 123979638
0b013c01 0b02c301 10000 7070 1500000000 2000000000 209084875 123979638
0b014a01 0b02b501 10000 6930 1500000000 2000000000 209089618 123979638
0b017201 0b028d01 10000 6530 1500000000 2000000000 209100464 123979638
0b017a01 0b028501 10000 6450 1500000000 2000000000 209457362 123979638
0b016a01 0b029501 10000 6610 1500000000 2000000000 209468174 123979638
0b018e01 0b027101 10000 6250 1500000000 2000000000 223104639 123979638
0b013601 0b02c901 10000 7130 1500000000 2000000000 223104724 123979638
0b018501 0b027a01 10000 6340 1500000000 2000000000 223125804 123979638
0b012601 0b02d901 10000 7290 1500000000 2000000000 223125804 123979638
0b012c01 0b02d301 10000 7230 1500000000 2000000000 223126756 123979638
0b019f01 0b026001 10000 6080 1500000000 2000000000 223126756 123979638
0b014901 0b02b601 10000 6940 1500000000 2000000000 232326187 123979638
0b016d01 0b029201 10000 6580 1500000000 2000000000 232354135 123979638
0b014e01 0b02b101 10000 6890 1500000000 2000000000 243255827 123979638
0b013f01 0b02c001 10000 7040 1500000000 2000000000 245395842 123979638
0b01db01 0b022401 10000 5480 1500000000 2000000000 245437233 123979638
0b010601 0b02f901 10000 7610 1500000000 2000000000 245763990 123979638
0b012201 0b02dd01 10000 7330 1500000000 2000000000 245832058 123979638
0b01dc01 0b022301 10000 5470 1500000000 2000000000 245842887 123979638
0b018f01 0b027001 10000 6240 1500000000 2000000000 245861009 123979638
0b01ac01 0b025301 10000 5950 1500000000 2000000000 245861604 123979638
0b015b01 0b02a401 10000 6760 1500000000 2000000000 245862046 123979638
0b018401 0b027b01 10000 6350 1500000000 2000000000 245862437 123979638
0b011701 0b02e801 10000 7440 1500000000 2000000000 245866840 123979638
0b014101 0b02be01 10000 7020 1500000000 2000000000 245866840 123979638
0b013701 0b02c801 10000 7120 1500000000 2000000000 245866959 123979638
0b015001 0b02af01 10000 6870 1500000000 2000000000 245866959 123979638
0b01a901 0b025601 10000 5980 1500000000 2000000000 245871481 123979638
0b016c01 0b029301 10000 6590 1500000000 2000000000 245871923 123979638
0b01bb01 0b024401 10000 5800 1500000000 2000000000 245872314 123979638
0b01a701 0b025801 10000 6000 1500000000 2000000000 245873147 123979638
0b015d01 0b02a201 10000 6740 1500000000 2000000000 245880253 123979638
0b018801 0b027701 10000 6310 1500000000 2000000000 245880253 123979638
0b019601 0b026901 10000 6170 1500000000 2000000000 245880253 123979638
0b01d401 0b022b01 10000 5550 1500000000 2000000000 245880253 123979638
0b010901 0b02f601 10000 7580 1500000000 2000000000 245880270 123979638
0b015101 0b02ae01 10000 6860 1500000000 2000000000 245880270 123979638
0b018901 0b027601 10000 6300 1500000000 2000000000 245880270 123979638
0b01e501 0b021a01 10000 5380 1500000000 2000000000 245880270 123979638
0b010001 0b02ff01 10000 7670 1500000000 2000000000 245880270 123979638
0b013001 0b02cf01 10000 7190 1500000000 2000000000 245880270 123979638
0b01d901 0b022601 10000 5500 1500000000 2000000000 245880270 123979638
0b011901 0b02e601 10000 7420 1500000000 2000000000 245880270 123979638
0b011301 0b02ec01 10000 7480 1500000000 2000000000 245880270 123979638
0b017901 0b028601 10000 6460 1500000000 2000000000 245880355 123979638
0b01af01 0b025001 10000 5920 1500000000 2000000000 245880355 123979638
0b01f701 0b020801 10000 5200 1500000000 2000000000 245880355 123979638
0b010b01 0b02f401 10000 7560 1500000000 2000000000 245880372 123979638
0b015501 0b02aa01 10000 6820 1500000000 2000000000 245880372 123979638
0b018d01 0b027201 10000 6260 1500000000 2000000000 245880372 123979638
0b01e601 0b021901 10000 5370 1500000000 2000000000 245880372 123979638
0b010701 0b02f801 10000 7600 1500000000 2000000000 245880372 123979638
0b013101 0b02ce01 10000 7180 1500000000 2000000000 245880372 123979638
0b01da01 0b022501 10000 5490 1500000000 2000000000 245880372 123979638
0b011e01 0b02e101 10000 7370 1500000000 2000000000 245880372 123979638
0b011401 0b02eb01 10000 7470 1500000000 2000000000 245880372 123979638
0b019001 0b026f01 10000 6230 1500000000 2000000000 245880389 123979638
0b018201 0b027d01 10000 6370 1500000000 2000000000 245882888 123979638
0b012001 0b02df01 10000 7350 1500000000 2000000000 245882888 123979638
0b012b01 0b02d401 10000 7240 1500000000 2000000000 245884435 123979638
0b017e01 0b028101 10000 6410 1500000000 2000000000 245884435 123979638
0b01b201 0b024d01 10000 5890 1500000000 2000000000 245884435 123979638
0b016e01 0b029101 10000 6570 1500000000 2000000000 245884554 123979638
0b017101 0b028e01 10000 6540 1500000000 2000000000 245884554 123979638
0b013801 0b02c701 10000 7110 1500000000 2000000000 245884554 123979638
0b012801 0b02d701 10000 7270 1500000000 2000000000 245888362 123979638
0b019901 0b026601 10000 6140 1500000000 2000000000 245888362 123979638
0b016801 0b029701 10000 6630 1500000000 2000000000 245890861 123979638
0b01d001 0b022f01 10000 5590 1500000000 2000000000 245891235 123979638
0b010201 0b02fd01 10000 7650 1500000000 2000000000 245891830 123979638
0b019301 0b026c01 10000 6200 1500000000 2000000000 245891932 123979638
0b019e01 0b026101 10000 6090 1500000000 2000000000 245892153 123979638
0b016301 0b029c01 10000 6680 1500000000 2000000000 245892170 123979638
0b019b01 0b026401 10000 6120 1500000000 2000000000 245892289 123979638
0b010401 0b02fb01 10000 7630 1500000000 2000000000 245893700 123979638
0b016601 0b029901 10000 6650 1500000000 2000000000 245893717 123979638
0b019201 0b026d01 10000 6210 1500000000 2000000000 245893717 123979638
0b010101 0b02fe01 10000 7660 1500000000 2000000000 245893802 123979638
0b016001 0b029f01 10000 6710 1500000000 2000000000 245893802 123979638
0b019d01 0b026201 10000 6100 1500000000 2000000000 245893819 123979638
0b016101 0b029e01 10000 6700 1500000000 2000000000 245893819 123979638
0b019a01 0b026501 10000 6130 1500000000 2000000000 245893819 123979638
0b013401 0b02cb01 10000 7150 1500000000 2000000000 245929315 123979638
0b01de01 0b022101 10000 5450 1500000000 2000000000 246070092 123979638
0b011a01 0b02e501 10000 7410 1500000000 2000000000 246087908 123979638
0b014701 0b02b801 10000 6960 1500000000 2000000000 248006103 123979638
0b016201 0b029d01 10000 6690 1500000000 2000000000 258443950 123979638
0b01e001 0b021f01 10000 5430 1500000000 2000000000 313778797 123979638
0b01eb01 0b021401 10000 5320 1500000000 2000000000 313812015 123979638
0b014001 0b02bf01 10000 7030 1500000000 2000000000 321293528 123979638
0b017d01 0b028201 10000 6420 1500000000 2000000000 321464786 123979638
0b015801 0b02a701 10000 6790 1500000000 2000000000 321471093 123979638
0b015f01 0b02a001 10000 6720 1500000000 2000000000 321472742 123979638
0b01c801 0b023701 10000 5670 1500000000 2000000000 327338592 123979638
0b01ec01 0b021301 10000 5310 1500000000 2000000000 327351699 123979638
0b018101 0b027e01 10000 6380 1500000000 2000000000 348331297 123979638
0b015a01 0b02a501 10000 6770 1500000000 2000000000 354748372 123979638
0b015201 0b02ad01 10000 6850 1500000000 2000000000 354763706 123979638
0b013e01 0b02c101 10000 7050 1500000000 2000000000 360142268 123979638
0b01cf01 0b023001 10000 5600 1500000000 2000000000 360333297 123979638
0b010a01 0b02f501 10000 7570 1500000000 2000000000 360356842 123979638
0b01bc01 0b024301 10000 5790 1500000000 2000000000 360361823 123979638
0b01be01 0b024101 10000 5770 1500000000 2000000000 360376358 123979638
0b01a601 0b025901 10000 6010 1500000000 2000000000 360377871 123979638
0b012301 0b02dc01 10000 7320 1500000000 2000000000 360379571 123979638
0b017001 0b028f01 10000 6550 1500000000 2000000000 360379690 123979638
0b01f801 0b020701 10000 5190 1500000000 2000000000 360379690 123979638
0b01e401 0b021b01 10000 5390 1500000000 2000000000 360379690 123979638
0b012401 0b02db01 10000 7310 1500000000 2000000000 360379792 123979638
0b017601 0b028901 10000 6490 1500000000 2000000000 360379792 123979638
0b01fb01 0b020401 10000 5160 1500000000 2000000000 360379792 123979638
0b01e701 0b021801 10000 5360 1500000000 2000000000 360379792 123979638
0b01a001 0b025f01 10000 6070 1500000000 2000000000 360380761 123979638
0b010c01 0b02f301 10000 7550 1500000000 2000000000 360393120 123979638
0b01cd01 0b023201 10000 5620 1500000000 2000000000 360417396 123979638
0b01e801 0b021701 10000 5350 1500000000 2000000000 360418484 123979638
0b01ef01 0b021001 10000 5280 1500000000 2000000000 360418586 123979638
0b013501 0b02ca01 10000 7140 1500000000 2000000000 360532095 123979638
0b010d01 0b02f201 10000 7540 1500000000 2000000000 368732878 123979638
0b011001 0b02ef01 10000 7510 1500000000 2000000000 368741565 123979638
0b013201 0b02cd01 10000 7170 1500000000 2000000000 368741667 123979638
0b011801 0b02e701 10000 7430 1500000000 2000000000 368753482 123979638
0b01ae01 0b025101 10000 5930 1500000000 2000000000 368763733 123979638
0b010e01 0b02f101 10000 7530 1500000000 2000000000 368775956 123979638
0b013301 0b02cc01 10000 7160 1500000000 2000000000 368776058 123979638
0b01b901 0b024601 10000 5820 1500000000 2000000000 368801082 123979638
0b018b01 0b027401 10000 6280 1500000000 2000000000 368807729 123979638
0b01b601 0b024901 10000 5850 1500000000 2000000000 368807950 123979638
0b014b01 0b02b401 10000 6920 1500000000 2000000000 368814053 123979638
0b01fa01 0b020501 10000 5170 1500000000 2000000000 368814053 123979638
0b01c101 0b023e01 10000 5740 1500000000 2000000000 368814053 123979638
0b014d01 0b02b201 10000 6900 1500000000 2000000000 368814155 123979638
0b01fd01 0b020201 10000 5140 1500000000 2000000000 368814155 123979638
0b01c201 0b023d01 10000 5730 1500000000 2000000000 368814155 123979638
0b014f01 0b02b001 10000 6880 1500000000 2000000000 368814257 123979638
0b01fe01 0b020101 10000 5130 1500000000 2000000000 368814257 123979638
0b01c401 0b023b01 10000 5710 1500000000 2000000000 368814257 123979638
0b01b801 0b024701 10000 5830 1500000000 2000000000 368814274 123979638
0b011d01 0b02e201 10000 7380 1500000000 2000000000 368814274 123979638
0b011501 0b02ea01 10000 7460 1500000000 2000000000 368814274 123979638
0b01b301 0b024c01 10000 5880 1500000000 2000000000 368814274 123979638
0b01a501 0b025a01 10000 6020 1500000000 2000000000 368814278 123979638
0b01b701 0b024801 10000 5840 1500000000 2000000000 368814393 123979638
0b012501 0b02da01 10000 7300 1500000000 2000000000 368816416 123979638
0b017301 0b028c01 10000 6520 1500000000 2000000000 368816416 123979638
0b01f901 0b020601 10000 5180 1500000000 2000000000 368816416 123979638
0b01e101 0b021e01 10000 5420 1500000000 2000000000 368816416 123979638
0b010f01 0b02f001 10000 7520 1500000000 2000000000 368816416 123979638
0b01ea01 0b021501 10000 5330 1500000000 2000000000 368816416 123979638
0b01c901 0b023601 10000 5660 1500000000 2000000000 368816654 123979638
0b018301 0b027c01 10000 6360 1500000000 2000000000 368818320 123979638
0b018001 0b027f01 10000 6390 1500000000 2000000000 368818422 123979638
0b015c01 0b02a301 10000 6750 1500000000 2000000000 368819510 123979638
0b01ee01 0b021101 10000 5290 1500000000 2000000000 368820819 123979638
0b013a01 0b02c501 10000 7090 1500000000 2000000000 368903065 123979638
0b013d01 0b02c201 10000 7060 1500000000 2000000000 368907349 123979638
0b016501 0b029a01 10000 6660 1500000000 2000000000 373131356 123979638
0b015401 0b02ab01 10000 6830 1500000000 2000000000 483508854 123979638
0b015e01 0b02a101 10000 6730 1500000000 2000000000 483508956 123979638
0b014c01 0b02b301 10000 6910 1500000000 2000000000 483511591 123979638
0b017401 0b028b01 10000 6510 1500000000 2000000000 486741489 123979638
0b01f501 0b020a01 10000 5220 1500000000 2000000000 488297312 123979638
0b01f601 0b020901 10000 5210 1500000000 2000000000 488297414 123979638
0b01e301 0b021c01 10000 5400 1500000000 2000000000 488457826 123979638
0b01f301 0b020c01 10000 5240 1500000000 2000000000 488458047 123979638
0b01ce01 0b023101 10000 5610 1500000000 2000000000 488538151 123979638
0b01dd01 0b022201 10000 5460 1500000000 2000000000 488538253 123979638
0b01ff01 0b020001 10000 5120 1500000000 2000000000 488538474 123979638
0b01d101 0b022e01 10000 5580 1500000000 2000000000 488600711 123979638
0b01f001 0b020f01 10000 5270 1500000000 2000000000 488753405 123979638
0b014301 0b02bc01 10000 7000 1500000000 2000000000 489215244 123979638
0b014401 0b02bb01 10000 6990 1500000000 2000000000 489215346 123979638
0b014201 0b02bd01 10000 7010 1500000000 2000000000 491731754 123979638
0b017501 0b028a01 10000 6500 1500000000 2000000000 491746510 123979638
0b017701 0b028801 10000 6480 1500000000 2000000000 491746714 123979638
0b016f01 0b029001 10000 6560 1500000000 2000000000 491748159 123979638
0b015301 0b02ac01 10000 6840 1500000000 2000000000 491748159 123979638
0b01e901 0b021601 10000 5340 1500000000 2000000000 491748159 123979638
0b01c301 0b023c01 10000 5720 1500000000 2000000000 491748159 123979638
0b016701 0b029801 10000 6640 1500000000 2000000000 491748278 123979638
0b01f101 0b020e01 10000 5260 1500000000 2000000000 491749468 123979638
0b01b001 0b024f01 10000 5910 1500000000 2000000000 613006082 123979638
0b018a01 0b027501 10000 6290 1500000000 2000000000 613135418 123979638
0b019101 0b026e01 10000 6220 1500000000 2000000000 613135758 123979638
0b01aa01 0b025501 10000 5970 1500000000 2000000000 613138478 123979638
0b012d01 0b02d201 10000 7220 1500000000 2000000000 614446101 123979638
0b012f01 0b02d001 10000 7200 1500000000 2000000000 614446322 123979638
0b011c01 0b02e301 10000 7390 1500000000 2000000000 614585654 123979638
0b010501 0b02fa01 10000 7620 1500000000 2000000000 614596143 123979638
0b013b01 0b02c401 10000 7080 1500000000 2000000000 614682044 123979638
0b01bf01 0b024001 10000 5760 1500000000 2000000000 614682044 123979638
000 387118259 123979638
