0b001e01 0b03e101 10000 9930 1500000000 2000000000 122946504 123979638
0b014501 0b02ba01 10000 6980 1500000000 2000000000 122946504 123979638
0b005201 0b03ad01 10000 9410 1500000000 2000000000 122946504 123979638
0b013901 0b02c601 10000 7100 1500000000 2000000000 122946504 123979638
0b012101 0b02de01 10000 7340 1500000000 2000000000 122946504 123979638
0b010301 0b02fc01 10000 7640 1500000000 2000000000 122946504 123979638
0b014801 0b02b701 10000 6950 1500000000 2000000000 122946504 123979638
0b011f01 0b02e001 10000 7360 1500000000 2000000000 122946504 123979638
0b017801 0b028701 10000 6470 1500000000 2000000000 122946504 123979638
0b016901 0b029601 10000 6620 1500000000 2000000000 122946504 123979638
0b017f01 0b028001 10000 6400 1500000000 2000000000 122946504 123979638
0b011b01 0b02e401 10000 7400 1500000000 2000000000 122946504 123979638
0b016401 0b029b01 10000 6670 1500000000 2000000000 122946504 123979638
0b015601 0b02a901 10000 6810 1500000000 2000000000 122946504 123979638
0b017b01 0b028401 10000 6440 1500000000 2000000000 122946504 123979638
0b012a01 0b02d501 10000 7250 1500000000 2000000000 122946504 123979638
0b015701 0b02a801 10000 6800 1500000000 2000000000 161037690 123979638
0b015901 0b02a601 10000 6780 1500000000 2000000000 175975522 123979638
0b011601 0b02e901 10000 7450 1500000000 2000000000 175987524 123979638
0b012e01 0b02d101 10000 7210 1500000000 2000000000 176016696 123979638
0b012701 0b02d801 10000 7280 1500000000 2000000000 176048231 123979638
0b016b01 0b029401 10000 6600 1500000000 2000000000 208997427 123979638
0b017c01 0b028301 10000 6430 1500000000 2000000000 209008120 123979638
0b011201 0b02ed01 10000 7490 1500000000 2000000000 209059902 123979638
0b012901 0b02d601 10000 7260 1500000000 2000000000 209070714 123979638
0b014a01 0b02b501 10000 6930 1500000000 2000000000 209113214 123979638
0b017201 0b028d01 10000 6530 1500000000 2000000000 209124026 123979638
0b011101 0b02ee01 10000 7500 1500000000 2000000000 209428564 123979638
0b013c01 0b02c301 10000 7070 1500000000 2000000000 209439495 123979638
0b017a01 0b028501 10000 6450 1500000000 2000000000 209468667 123979638
0b016a01 0b029501 10000 6610 1500000000 2000000000 209479360 123979638
0b013601 0b02c901 10000 7130 1500000000 2000000000 223020234 123979638
0b012601 0b02d901 10000 7290 1500000000 2000000000 223041552 123979638
0b012c01 0b02d301 10000 7230 1500000000 2000000000 223042168 123979638
0b014901 0b02b601 10000 6940 1500000000 2000000000 232277482 123979638
0b016d01 0b029201 10000 6580 1500000000 2000000000 232305226 123979638
0b014e01 0b02b101 10000 6890 1500000000 2000000000 243280460 123979638
0b010601 0b02f901 10000 7610 1500000000 2000000000 245462206 123979638
0b013f01 0b02c001 10000 7040 1500000000 2000000000 245623723 123979638
0b012201 0b02dd01 10000 7330 1500000000 2000000000 245833843 123979638
0b015b01 0b02a401 10000 6760 1500000000 2000000000 245862080 123979638
0b014101 0b02be01 10000 7020 1500000000 2000000000 245866840 123979638
0b013701 0b02c801 10000 7120 1500000000 2000000000 245866925 123979638
0b015001 0b02af01 10000 6870 1500000000 2000000000 245866959 123979638
0b011701 0b02e801 10000 7440 1500000000 2000000000 245866959 123979638
0b016c01 0b029301 10000 6590 1500000000 2000000000 245871957 123979638
0b015d01 0b02a201 10000 6740 1500000000 2000000000 245880253 123979638
0b010901 0b02f601 10000 7580 1500000000 2000000000 245880270 123979638
0b011301 0b02ec01 10000 7480 1500000000 2000000000 245880270 123979638
0b00e401 0b031b01 10000 7950 1500000000 2000000000 245880253 123979638
0b00cc01 0b033301 10000 8190 1500000000 2000000000 245880253 123979638
0b019601 0b026901 10000 6170 1500000000 2000000000 245880253 123979638
0b01d401 0b022b01 10000 5550 1500000000 2000000000 245880253 123979638
0b017901 0b028601 10000 6460 1500000000 2000000000 245880355 123979638
0b010b01 0b02f401 10000 7560 1500000000 2000000000 245880372 123979638
0b011401 0b02eb01 10000 7470 1500000000 2000000000 245880372 123979638
0b01af01 0b025001 10000 5920 1500000000 2000000000 245880355 123979638
0b01f701 0b020801 10000 5200 1500000000 2000000000 245880355 123979638
0b01e601 0b021901 10000 5370 1500000000 2000000000 245880372 123979638
0b01da01 0b022501 10000 5490 1500000000 2000000000 245880372 123979638
0b012001 0b02df01 10000 7350 1500000000 2000000000 245883007 123979638
0b017e01 0b028101 10000 6410 1500000000 2000000000 245884435 123979638
0b01b201 0b024d01 10000 5890 1500000000 2000000000 245884435 123979638
0b019901 0b026601 10000 6140 1500000000 2000000000 245888362 123979638
0b019301 0b026c01 10000 6200 1500000000 2000000000 245891932 123979638
0b019e01 0b026101 10000 6090 1500000000 2000000000 245892153 123979638
0b019b01 0b026401 10000 6120 1500000000 2000000000 245892289 123979638
0b019201 0b026d01 10000 6210 1500000000 2000000000 245893819 123979638
0b019a01 0b026501 10000 6130 1500000000 2000000000 245893819 123979638
0b019d01 0b026201 10000 6100 1500000000 2000000000 245893819 123979638
0b018801 0b027701 10000 6310 1500000000 2000000000 245894924 123979638
0b01d001 0b022f01 10000 5590 1500000000 2000000000 245912417 123979638
0b01de01 0b022101 10000 5450 1500000000 2000000000 246042586 123979638
0b01e001 0b021f01 10000 5430 1500000000 2000000000 313956583 123979638
0b01eb01 0b021401 10000 5320 1500000000 2000000000 313989801 123979638
0b01c801 0b023701 10000 5670 1500000000 2000000000 327340411 123979638
0b01ec01 0b021301 10000 5310 1500000000 2000000000 327353603 123979638
0b018101 0b027e01 10000 6380 1500000000 2000000000 348332266 123979638
0b01bc01 0b024301 10000 5790 1500000000 2000000000 360253686 123979638
0b01cf01 0b023001 10000 5600 1500000000 2000000000 360293636 123979638
0b01f801 0b020701 10000 5190 1500000000 2000000000 360379690 123979638
0b01e401 0b021b01 10000 5390 1500000000 2000000000 360379690 123979638
0b01fb01 0b020401 10000 5160 1500000000 2000000000 360379792 123979638
0b01e701 0b021801 10000 5360 1500000000 2000000000 360379911 123979638
0b01a001 0b025f01 10000 6070 1500000000 2000000000 360429874 123979638
0b01be01 0b024101 10000 5770 1500000000 2000000000 360432526 123979638
0b01a601 0b025901 10000 6010 1500000000 2000000000 360433206 123979638
0b01cd01 0b023201 10000 5620 1500000000 2000000000 360454524 123979638
0b01e801 0b021701 10000 5350 1500000000 2000000000 360627686 123979638
0b01ef01 0b021001 10000 5280 1500000000 2000000000 360627788 123979638
0b01ae01 0b025101 10000 5930 1500000000 2000000000 368633666 123979638
0b01b901 0b024601 10000 5820 1500000000 2000000000 368795812 123979638
0b01b601 0b024901 10000 5850 1500000000 2000000000 368807253 123979638
0b018b01 0b027401 10000 6280 1500000000 2000000000 368807474 123979638
0b01c101 0b023e01 10000 5740 1500000000 2000000000 368814053 123979638
0b01fa01 0b020501 10000 5170 1500000000 2000000000 368814053 123979638
0b01c201 0b023d01 10000 5730 1500000000 2000000000 368814155 123979638
0b01fd01 0b020201 10000 5140 1500000000 2000000000 368814155 123979638
0b01c401 0b023b01 10000 5710 1500000000 2000000000 368814257 123979638
0b01fe01 0b020101 10000 5130 1500000000 2000000000 368814257 123979638
0b01b301 0b024c01 10000 5880 1500000000 2000000000 368814274 123979638
0b014f01 0b02b001 10000 6880 1500000000 2000000000 368814257 123979638
0b011501 0b02ea01 10000 7460 1500000000 2000000000 368814274 123979638
0b01b701 0b024801 10000 5840 1500000000 2000000000 368814393 123979638
0b010f01 0b02f001 10000 7520 1500000000 2000000000 368816416 123979638
0b017301 0b028c01 10000 6520 1500000000 2000000000 368816416 123979638
0b012501 0b02da01 10000 7300 1500000000 2000000000 368816416 123979638
0b015c01 0b02a301 10000 6750 1500000000 2000000000 368819510 123979638
0b013a01 0b02c501 10000 7090 1500000000 2000000000 368925199 123979638
0b013d01 0b02c201 10000 7060 1500000000 2000000000 368929245 123979638
0b016501 0b029a01 10000 6660 1500000000 2000000000 373126256 123979638
0b01f501 0b020a01 10000 5220 1500000000 2000000000 488380969 123979638
0b01f601 0b020901 10000 5210 1500000000 2000000000 488381071 123979638
0b01e301 0b021c01 10000 5400 1500000000 2000000000 488514351 123979638
0b01f301 0b020c01 10000 5240 1500000000 2000000000 488514691 123979638
0b014301 0b02bc01 10000 7000 1500000000 2000000000 489276886 123979638
0b014401 0b02bb01 10000 6990 1500000000 2000000000 489276988 123979638
0b014201 0b02bd01 10000 7010 1500000000 2000000000 491731754 123979638
0b017501 0b028a01 10000 6500 1500000000 2000000000 491746493 123979638
0b017701 0b028801 10000 6480 1500000000 2000000000 491746714 123979638
0b01e901 0b021601 10000 5340 1500000000 2000000000 491748159 123979638
0b01c301 0b023c01 10000 5720 1500000000 2000000000 491748159 123979638
0b01f101 0b020e01 10000 5260 1500000000 2000000000 491749468 123979638
0b012d01 0b02d201 10000 7220 1500000000 2000000000 614554765 123979638
0b012f01 0b02d001 10000 7200 1500000000 2000000000 614554867 123979638
0b010501 0b02fa01 10000 7620 1500000000 2000000000 614626233 123979638
0b011c01 0b02e301 10000 7390 1500000000 2000000000 614642995 123979638
0b01bf01 0b024001 10000 5760 1500000000 2000000000 614682044 123979638
000 368820938 123979638
