0b004a01 0b003501 10000 530 1500000000 2000000000 122946504 123979638
0b007801 0b000701 10000 70 1500000000 2000000000 124645736 123979638
0b006201 0b001d01 10000 290 1500000000 2000000000 124983600 123979638
0b007001 0b000f01 10000 150 1500000000 2000000000 125014703 123979638
0b006001 0b001f01 10000 310 1500000000 2000000000 127078443 123979638
0b005201 0b002d01 10000 450 1500000000 2000000000 128148053 123979638
0b005801 0b002701 10000 390 1500000000 2000000000 128166534 123979638
0b005a01 0b002501 10000 370 1500000000 2000000000 129186848 123979638
0b005001 0b002f01 10000 470 1500000000 2000000000 130991128 123979638
0b007a01 0b000501 10000 50 1500000000 2000000000 195894303 123979638
0b004e01 0b003101 10000 490 1500000000 2000000000 204469387 123979638
0b004c01 0b003301 10000 510 1500000000 2000000000 212288333 123979638
0b006a01 0b001501 10000 210 1500000000 2000000000 212402681 123979638
0b007e01 0b000101 10000 10 1500000000 2000000000 227634503 123979638
0b006c01 0b001301 10000 190 1500000000 2000000000 244081094 123979638
0b004201 0b003d01 10000 610 1500000000 2000000000 245659795 123979638
0b007601 0b000901 10000 90 1500000000 2000000000 245841833 123979638
0b007401 0b001601 0b006901 10000 1050 1500000000 2000000000 248312496 123979638
0b000201 0b007d01 10000 1250 1500000000 2000000000 249209325 123979638
0b000a01 0b007501 10000 1170 1500000000 2000000000 249209431 123979638
0b000001 0b007f01 10000 1270 1500000000 2000000000 249749974 123979638
0b000c01 0b007301 10000 1150 1500000000 2000000000 2497540b005e01 0b002101 10000 330 1500000000 2000000000 249983394 123979638
0b005c01 0b002301 10000 350 1500000000 2000000000 249983596 123979638
0b005601 0b002901 10000 410 1500000000 2000000000 249987724 123979638
0b006801 0b001701 10000 230 1500000000 2000000000 250015388 123979638
0b004801 0b003701 10000 550 1500000000 2000000000 251997602 123979638
0b006601 0b001901 10000 250 1500000000 2000000000 252178923 123979638
0b004601 0b003901 10000 570 1500000000 2000000000 253527165 123979638
0b007c01 0b000301 10000 30 1500000000 2000000000 257436378 123979638
0b007201 0b000d01 10000 130 1500000000 2000000000 273096631 123979638
0b004401 0b003b01 10000 590 1500000000 2000000000 277831967 123979638
53313225 123979638
