0b01f201 0b020d01 10000 5250 1500000000 2000000000 122946504 123979638
0b01e201 0b021d01 10000 5410 1500000000 2000000000 122946504 123979638
0b01f401 0b020b01 10000 5230 1500000000 2000000000 122946504 123979638
0b00c801 0b033701 10000 8230 1500000000 2000000000 185147447 123979638
0b00c701 0b033801 10000 8240 1500000000 2000000000 194898052 123979638
0b01e501 0b021a01 10000 5380 1500000000 2000000000 245880270 123979638
0b01f701 0b020801 10000 5200 1500000000 2000000000 245880287 123979638
0b01e601 0b021901 10000 5370 1500000000 2000000000 245880372 123979638
0b01e001 0b021f01 10000 5430 1500000000 2000000000 314067610 123979638
0b01eb01 0b021401 10000 5320 1500000000 2000000000 314100590 123979638
0b01ec01 0b021301 10000 5310 1500000000 2000000000 327351580 123979638
0b01f801 0b020701 10000 5190 1500000000 2000000000 360392304 123979638
0b01fb01 0b020401 10000 5160 1500000000 2000000000 360392406 123979638
0b01e401 0b021b01 10000 5390 1500000000 2000000000 360422054 123979638
0b01e701 0b021801 10000 5360 1500000000 2000000000 360422156 123979638
0b01e801 0b021701 10000 5350 1500000000 2000000000 360574731 123979638
0b01ef01 0b021001 10000 5280 1500000000 2000000000 360574952 123979638
0b01fa01 0b020501 10000 5170 1500000000 2000000000 368814053 123979638
0b01fd01 0b020201 10000 5140 1500000000 2000000000 368814155 123979638
0b01fe01 0b020101 10000 5130 1500000000 2000000000 368814257 123979638
0b01ea01 0b021501 10000 5330 1500000000 2000000000 368816416 123979638
0b01f901 0b020601 10000 5180 1500000000 2000000000 368816416 123979638
0b01e101 0b021e01 10000 5420 1500000000 2000000000 368816416 123979638
0b01ee01 0b021101 10000 5290 1500000000 2000000000 368820819 123979638
0b01f301 0b020c01 10000 5240 1500000000 2000000000 488496620 123979638
0b01e301 0b021c01 10000 5400 1500000000 2000000000 488496960 123979638
0b01f501 0b020a01 10000 5220 1500000000 2000000000 488520794 123979638
0b01f601 0b020901 10000 5210 1500000000 2000000000 488520896 123979638
0b017501 0b028a01 10000 6500 1500000000 2000000000 491746391 123979638
0b012d01 0b02d201 10000 7220 1500000000 2000000000 614628766 123979638
0b011c01 0b02e301 10000 7390 1500000000 2000000000 614660029 123979638
0b01bf01 0b024001 10000 5760 1500000000 2000000000 614682044 123979638
000 368816773 123979638
