0b00f301 0b030c01 10000 7800 1500000000 2000000000 122946504 123979638
0b00c401 0b033b01 10000 8270 1500000000 2000000000 122946504 123979638
0b00f701 0b030801 10000 7760 1500000000 2000000000 122946504 123979638
0b00e201 0b031d01 10000 7970 1500000000 2000000000 122946504 123979638
0b00ee01 0b031101 10000 7850 1500000000 2000000000 122946504 123979638
0b00ef01 0b031001 10000 7840 1500000000 2000000000 122946504 123979638
0b00c001 0b033f01 10000 8310 1500000000 2000000000 122946508 123979638
0b012e01 0b02d101 10000 7210 1500000000 2000000000 175978854 123979638
0b011601 0b02e901 10000 7450 1500000000 2000000000 176003589 123979638
0b00ea01 0b031501 10000 7890 1500000000 2000000000 176033951 123979638
0b011201 0b02ed01 10000 7490 1500000000 2000000000 209002629 123979638
0b012901 0b02d601 10000 7260 1500000000 2000000000 209013237 123979638
0b011101 0b02ee01 10000 7500 1500000000 2000000000 209413094 123979638
0b013c01 0b02c301 10000 7070 1500000000 2000000000 209424025 123979638
0b00fa01 0b030501 10000 7730 1500000000 2000000000 229074750 123979638
0b00df01 0b032001 10000 8000 1500000000 2000000000 229100675 123979638
0b00f501 0b030a01 10000 7780 1500000000 2000000000 229108172 123979638
0b013f01 0b02c001 10000 7040 1500000000 2000000000 245715119 123979638
0b010601 0b02f901 10000 7610 1500000000 2000000000 245749472 123979638
0b012201 0b02dd01 10000 7330 1500000000 2000000000 245820634 123979638
0b011701 0b02e801 10000 7440 1500000000 2000000000 245866840 123979638
0b00da01 0b032501 10000 8050 1500000000 2000000000 245880151 123979638
0b00eb01 0b031401 10000 7880 1500000000 2000000000 245880253 123979638
0b00e401 0b031b01 10000 7950 1500000000 2000000000 245880253 123979638
0b015d01 0b02a201 10000 6740 1500000000 2000000000 245880253 123979638
0b015101 0b02ae01 10000 6860 1500000000 2000000000 245880270 123979638
0b017901 0b028601 10000 6460 1500000000 2000000000 245880355 123979638
0b01d001 0b022f01 10000 5590 1500000000 2000000000 245896097 123979638
0b01de01 0b022101 10000 5450 1500000000 2000000000 246024617 123979638
0b01e001 0b021f01 10000 5430 1500000000 2000000000 314031196 123979638
0b01eb01 0b021401 10000 5320 1500000000 2000000000 314065723 123979638
0b01c801 0b023701 10000 5670 1500000000 2000000000 327345885 123979638
0b01ec01 0b021301 10000 5310 1500000000 2000000000 327359077 123979638
0b01cf01 0b023001 10000 5600 1500000000 2000000000 360246648 123979638
0b01f801 0b020701 10000 5190 1500000000 2000000000 360412296 123979638
0b01fb01 0b020401 10000 5160 1500000000 2000000000 360412517 123979638
0b01e401 0b021b01 10000 5390 1500000000 2000000000 360420745 123979638
0b01e701 0b021801 10000 5360 1500000000 2000000000 360420847 123979638
0b01cd01 0b023201 10000 5620 1500000000 2000000000 360473462 123979638
0b01e801 0b021701 10000 5350 1500000000 2000000000 360541887 123979638
0b01ef01 0b021001 10000 5280 1500000000 2000000000 360542108 123979638
0b01fa01 0b020501 10000 5170 1500000000 2000000000 368814053 123979638
0b01fd01 0b020201 10000 5140 1500000000 2000000000 368814155 123979638
0b01c101 0b023e01 10000 5740 1500000000 2000000000 368814172 123979638
0b01fe01 0b020101 10000 5130 1500000000 2000000000 368814257 123979638
0b01c201 0b023d01 10000 5730 1500000000 2000000000 368814274 123979638
0b01c401 0b023b01 10000 5710 1500000000 2000000000 368814376 123979638
0b01ea01 0b021501 10000 5330 1500000000 2000000000 368816416 123979638
0b01f901 0b020601 10000 5180 1500000000 2000000000 368816416 123979638
0b017301 0b028c01 10000 6520 1500000000 2000000000 368816416 123979638
0b015c01 0b02a301 10000 6750 1500000000 2000000000 368819629 123979638
0b016501 0b029a01 10000 6660 1500000000 2000000000 373121394 123979638
0b01f501 0b020a01 10000 5220 1500000000 2000000000 488464507 123979638
0b01f601 0b020901 10000 5210 1500000000 2000000000 488464728 123979638
0b01dd01 0b022201 10000 5460 1500000000 2000000000 488544339 123979638
0b01ce01 0b023101 10000 5610 1500000000 2000000000 488544560 123979638
0b014301 0b02bc01 10000 7000 1500000000 2000000000 489254650 123979638
0b014401 0b02bb01 10000 6990 1500000000 2000000000 489254854 123979638
0b014201 0b02bd01 10000 7010 1500000000 2000000000 491731754 123979638
0b012d01 0b02d201 10000 7220 1500000000 2000000000 614546299 123979638
0b012f01 0b02d001 10000 7200 1500000000 2000000000 614546639 123979638
0b011c01 0b02e301 10000 7390 1500000000 2000000000 614621830 123979638
0b010501 0b02fa01 10000 7620 1500000000 2000000000 614632438 123979638
0b01bf01 0b024001 10000 5760 1500000000 2000000000 614682044 123979638
000 368819629 123979638
