0b000a01 0b001601 10000 50 1500000000 2000000000 122994135 124027290
0b000701 0b001301 10000 80 1500000000 2000000000 123014258 124047406
0b000901 0b001501 10000 60 1500000000 2000000000 124320138 124087638
0b000801 0b001401 10000 70 1500000000 2000000000 125785215 124067522
0b000401 0b001001 10000 110 1500000000 2000000000 229876254 124047406
0b000101 0b000d01 10000 140 1500000000 2000000000 236504188 124067522
0b000601 0b001201 10000 90 1500000000 2000000000 255523617 124087638
0b000301 0b000f01 10000 120 1500000000 2000000000 258036051 124087638
0b000501 0b001101 10000 100 1500000000 2000000000 345750808 124047406
0b000001 0b000c01 10000 150 1500000000 2000000000 366794317 124067522
0b000201 0b000e01 10000 130 1500000000 2000000000 368881913 124067522
