0b007801 0b000701 10000 70 1500000000 2000000000 124645740 123979638
00b005201 0b002d01 10000 450 1500000000 2000000000 128148053 123979638
0b005801 0b002701 10000 390 1500000000 2000000000 128166534 123979638
0b0b000601 0b007901 10000 1210 1500000000 2000000000 207447080 123979638
0b001a01 0b006501 10000 1010 1500000000 2000000000 212399964 12390b006a0b000801 0b007701 10000 1190 1500000000 2000000000 215068086 1230b007e00b001601 0b006901 10000 1050 1500000000 2000000000 248312431 123979638
0b000201 0b007d01 10000 1250 1500000000 2000000000 249209325 123979638
0b000a01 0b007501 10000 1170 1500000000 2000000000 249209431 123979638
0b000001 0b007f01 10000 1270 1500000000 2000000000 249750170 10b005e01 0b002101 10000 330 1500000000 2000000000 249983394 123979638
0b005c01 0b002301 10000 350 1500000000 2000000000 249983596 1239790b000b002a01 0b005501 10000 850 1500000000 2000000000 250730642 1239790b006601 0b001901 10000 250 1500000000 2000000000 252179038 123979638
0b007c01 0b000301 10000 30 1500000000 2000000000 257430743 123979638
0b0070b004401 0b003b01 10000 590 1500000000 2000000000 277832966 123979638
328 123979638
