512
0 1023 3 10230 1500000000 2
1 1022 3 10220 1500000000 2
2 1021 3 10210 1500000000 2
3 1020 3 10200 1500000000 2
4 1019 3 10190 1500000000 2
5 1018 3 10180 1500000000 2
6 1017 3 10170 1500000000 2
7 1016 3 10160 1500000000 2
8 1015 3 10150 1500000000 2
9 1014 3 10140 1500000000 2
10 1013 3 10130 1500000000 2
11 1012 3 10120 1500000000 2
12 1011 3 10110 1500000000 2
13 1010 3 10100 1500000000 2
14 1009 3 10090 1500000000 2
15 1008 3 10080 1500000000 2
16 1007 3 10070 1500000000 2
17 1006 3 10060 1500000000 2
18 1005 3 10050 1500000000 2
19 1004 3 10040 1500000000 2
20 1003 3 10030 1500000000 2
21 1002 3 10020 1500000000 2
22 1001 3 10010 1500000000 2
23 1000 3 10000 1500000000 2
24 999 3 9990 1500000000 2
25 998 3 9980 1500000000 2
26 997 3 9970 1500000000 2
27 996 3 9960 1500000000 2
28 995 3 9950 1500000000 2
29 994 3 9940 1500000000 2
30 993 3 9930 1500000000 2
31 992 3 9920 1500000000 2
32 991 3 9910 1500000000 2
33 990 3 9900 1500000000 2
34 989 3 9890 1500000000 2
35 988 3 9880 1500000000 2
36 987 3 9870 1500000000 2
37 986 3 9860 1500000000 2
38 985 3 9850 1500000000 2
39 984 3 9840 1500000000 2
40 983 3 9830 1500000000 2
41 982 3 9820 1500000000 2
42 981 3 9810 1500000000 2
43 980 3 9800 1500000000 2
44 979 3 9790 1500000000 2
45 978 3 9780 1500000000 2
46 977 3 9770 1500000000 2
47 976 3 9760 1500000000 2
48 975 3 9750 1500000000 2
49 974 3 9740 1500000000 2
50 973 3 9730 1500000000 2
51 972 3 9720 1500000000 2
52 971 3 9710 1500000000 2
53 970 3 9700 1500000000 2
54 969 3 9690 1500000000 2
55 968 3 9680 1500000000 2
56 967 3 9670 1500000000 2
57 966 3 9660 1500000000 2
58 965 3 9650 1500000000 2
59 964 3 9640 1500000000 2
60 963 3 9630 1500000000 2
61 962 3 9620 1500000000 2
62 961 3 9610 1500000000 2
63 960 3 9600 1500000000 2
64 959 3 9590 1500000000 2
65 958 3 9580 1500000000 2
66 957 3 9570 1500000000 2
67 956 3 9560 1500000000 2
68 955 3 9550 1500000000 2
69 954 3 9540 1500000000 2
70 953 3 9530 1500000000 2
71 952 3 9520 1500000000 2
72 951 3 9510 1500000000 2
73 950 3 9500 1500000000 2
74 949 3 9490 1500000000 2
75 948 3 9480 1500000000 2
76 947 3 9470 1500000000 2
77 946 3 9460 1500000000 2
78 945 3 9450 1500000000 2
79 944 3 9440 1500000000 2
80 943 3 9430 1500000000 2
81 942 3 9420 1500000000 2
82 941 3 9410 1500000000 2
83 940 3 9400 1500000000 2
84 939 3 9390 1500000000 2
85 938 3 9380 1500000000 2
86 937 3 9370 1500000000 2
87 936 3 9360 1500000000 2
88 935 3 9350 1500000000 2
89 934 3 9340 1500000000 2
90 933 3 9330 1500000000 2
91 932 3 9320 1500000000 2
92 931 3 9310 1500000000 2
93 930 3 9300 1500000000 2
94 929 3 9290 1500000000 2
95 928 3 9280 1500000000 2
96 927 3 9270 1500000000 2
97 926 3 9260 1500000000 2
98 925 3 9250 1500000000 2
99 924 3 9240 1500000000 2
100 923 3 9230 1500000000 2
101 922 3 9220 1500000000 2
102 921 3 9210 1500000000 2
103 920 3 9200 1500000000 2
104 919 3 9190 1500000000 2
105 918 3 9180 1500000000 2
106 917 3 9170 1500000000 2
107 916 3 9160 1500000000 2
108 915 3 9150 1500000000 2
109 914 3 9140 1500000000 2
110 913 3 9130 1500000000 2
111 912 3 9120 1500000000 2
112 911 3 9110 1500000000 2
113 910 3 9100 1500000000 2
114 909 3 9090 1500000000 2
115 908 3 9080 1500000000 2
116 907 3 9070 1500000000 2
117 906 3 9060 1500000000 2
118 905 3 9050 1500000000 2
119 904 3 9040 1500000000 2
120 903 3 9030 1500000000 2
121 902 3 9020 1500000000 2
122 901 3 9010 1500000000 2
123 900 3 9000 1500000000 2
124 899 3 8990 1500000000 2
125 898 3 8980 1500000000 2
126 897 3 8970 1500000000 2
127 896 3 8960 1500000000 2
128 895 3 8950 1500000000 2
129 894 3 8940 1500000000 2
130 893 3 8930 1500000000 2
131 892 3 8920 1500000000 2
132 891 3 8910 1500000000 2
133 890 3 8900 1500000000 2
134 889 3 8890 1500000000 2
135 888 3 8880 1500000000 2
136 887 3 8870 1500000000 2
137 886 3 8860 1500000000 2
138 885 3 8850 1500000000 2
139 884 3 8840 1500000000 2
140 883 3 8830 1500000000 2
141 882 3 8820 1500000000 2
142 881 3 8810 1500000000 2
143 880 3 8800 1500000000 2
144 879 3 8790 1500000000 2
145 878 3 8780 1500000000 2
146 877 3 8770 1500000000 2
147 876 3 8760 1500000000 2
148 875 3 8750 1500000000 2
149 874 3 8740 1500000000 2
150 873 3 8730 1500000000 2
151 872 3 8720 1500000000 2
152 871 3 8710 1500000000 2
153 870 3 8700 1500000000 2
154 869 3 8690 1500000000 2
155 868 3 8680 1500000000 2
156 867 3 8670 1500000000 2
157 866 3 8660 1500000000 2
158 865 3 8650 1500000000 2
159 864 3 8640 1500000000 2
160 863 3 8630 1500000000 2
161 862 3 8620 1500000000 2
162 861 3 8610 1500000000 2
163 860 3 8600 1500000000 2
164 859 3 8590 1500000000 2
165 858 3 8580 1500000000 2
166 857 3 8570 1500000000 2
167 856 3 8560 1500000000 2
168 855 3 8550 1500000000 2
169 854 3 8540 1500000000 2
170 853 3 8530 1500000000 2
171 852 3 8520 1500000000 2
172 851 3 8510 1500000000 2
173 850 3 8500 1500000000 2
174 849 3 8490 1500000000 2
175 848 3 8480 1500000000 2
176 847 3 8470 1500000000 2
177 846 3 8460 1500000000 2
178 845 3 8450 1500000000 2
179 844 3 8440 1500000000 2
180 843 3 8430 1500000000 2
181 842 3 8420 1500000000 2
182 841 3 8410 1500000000 2
183 840 3 8400 1500000000 2
184 839 3 8390 1500000000 2
185 838 3 8380 1500000000 2
186 837 3 8370 1500000000 2
187 836 3 8360 1500000000 2
188 835 3 8350 1500000000 2
189 834 3 8340 1500000000 2
190 833 3 8330 1500000000 2
191 832 3 8320 1500000000 2
192 831 3 8310 1500000000 2
193 830 3 8300 1500000000 2
194 829 3 8290 1500000000 2
195 828 3 8280 1500000000 2
196 827 3 8270 1500000000 2
197 826 3 8260 1500000000 2
198 825 3 8250 1500000000 2
199 824 3 8240 1500000000 2
200 823 3 8230 1500000000 2
201 822 3 8220 1500000000 2
202 821 3 8210 1500000000 2
203 820 3 8200 1500000000 2
204 819 3 8190 1500000000 2
205 818 3 8180 1500000000 2
206 817 3 8170 1500000000 2
207 816 3 8160 1500000000 2
208 815 3 8150 1500000000 2
209 814 3 8140 1500000000 2
210 813 3 8130 1500000000 2
211 812 3 8120 1500000000 2
212 811 3 8110 1500000000 2
213 810 3 8100 1500000000 2
214 809 3 8090 1500000000 2
215 808 3 8080 1500000000 2
216 807 3 8070 1500000000 2
217 806 3 8060 1500000000 2
218 805 3 8050 1500000000 2
219 804 3 8040 1500000000 2
220 803 3 8030 1500000000 2
221 802 3 8020 1500000000 2
222 801 3 8010 1500000000 2
223 800 3 8000 1500000000 2
224 799 3 7990 1500000000 2
225 798 3 7980 1500000000 2
226 797 3 7970 1500000000 2
227 796 3 7960 1500000000 2
228 795 3 7950 1500000000 2
229 794 3 7940 1500000000 2
230 793 3 7930 1500000000 2
231 792 3 7920 1500000000 2
232 791 3 7910 1500000000 2
233 790 3 7900 1500000000 2
234 789 3 7890 1500000000 2
235 788 3 7880 1500000000 2
236 787 3 7870 1500000000 2
237 786 3 7860 1500000000 2
238 785 3 7850 1500000000 2
239 784 3 7840 1500000000 2
240 783 3 7830 1500000000 2
241 782 3 7820 1500000000 2
242 781 3 7810 1500000000 2
243 780 3 7800 1500000000 2
244 779 3 7790 1500000000 2
245 778 3 7780 1500000000 2
246 777 3 7770 1500000000 2
247 776 3 7760 1500000000 2
248 775 3 7750 1500000000 2
249 774 3 7740 1500000000 2
250 773 3 7730 1500000000 2
251 772 3 7720 1500000000 2
252 771 3 7710 1500000000 2
253 770 3 7700 1500000000 2
254 769 3 7690 1500000000 2
255 768 3 7680 1500000000 2
256 767 3 7670 1500000000 2
257 766 3 7660 1500000000 2
258 765 3 7650 1500000000 2
259 764 3 7640 1500000000 2
260 763 3 7630 1500000000 2
261 762 3 7620 1500000000 2
262 761 3 7610 1500000000 2
263 760 3 7600 1500000000 2
264 759 3 7590 1500000000 2
265 758 3 7580 1500000000 2
266 757 3 7570 1500000000 2
267 756 3 7560 1500000000 2
268 755 3 7550 1500000000 2
269 754 3 7540 1500000000 2
270 753 3 7530 1500000000 2
271 752 3 7520 1500000000 2
272 751 3 7510 1500000000 2
273 750 3 7500 1500000000 2
274 749 3 7490 1500000000 2
275 748 3 7480 1500000000 2
276 747 3 7470 1500000000 2
277 746 3 7460 1500000000 2
278 745 3 7450 1500000000 2
279 744 3 7440 1500000000 2
280 743 3 7430 1500000000 2
281 742 3 7420 1500000000 2
282 741 3 7410 1500000000 2
283 740 3 7400 1500000000 2
284 739 3 7390 1500000000 2
285 738 3 7380 1500000000 2
286 737 3 7370 1500000000 2
287 736 3 7360 1500000000 2
288 735 3 7350 1500000000 2
289 734 3 7340 1500000000 2
290 733 3 7330 1500000000 2
291 732 3 7320 1500000000 2
292 731 3 7310 1500000000 2
293 730 3 7300 1500000000 2
294 729 3 7290 1500000000 2
295 728 3 7280 1500000000 2
296 727 3 7270 1500000000 2
297 726 3 7260 1500000000 2
298 725 3 7250 1500000000 2
299 724 3 7240 1500000000 2
300 723 3 7230 1500000000 2
301 722 3 7220 1500000000 2
302 721 3 7210 1500000000 2
303 720 3 7200 1500000000 2
304 719 3 7190 1500000000 2
305 718 3 7180 1500000000 2
306 717 3 7170 1500000000 2
307 716 3 7160 1500000000 2
308 715 3 7150 1500000000 2
309 714 3 7140 1500000000 2
310 713 3 7130 1500000000 2
311 712 3 7120 1500000000 2
312 711 3 7110 1500000000 2
313 710 3 7100 1500000000 2
314 709 3 7090 1500000000 2
315 708 3 7080 1500000000 2
316 707 3 7070 1500000000 2
317 706 3 7060 1500000000 2
318 705 3 7050 1500000000 2
319 704 3 7040 1500000000 2
320 703 3 7030 1500000000 2
321 702 3 7020 1500000000 2
322 701 3 7010 1500000000 2
323 700 3 7000 1500000000 2
324 699 3 6990 1500000000 2
325 698 3 6980 1500000000 2
326 697 3 6970 1500000000 2
327 696 3 6960 1500000000 2
328 695 3 6950 1500000000 2
329 694 3 6940 1500000000 2
330 693 3 6930 1500000000 2
331 692 3 6920 1500000000 2
332 691 3 6910 1500000000 2
333 690 3 6900 1500000000 2
334 689 3 6890 1500000000 2
335 688 3 6880 1500000000 2
336 687 3 6870 1500000000 2
337 686 3 6860 1500000000 2
338 685 3 6850 1500000000 2
339 684 3 6840 1500000000 2
340 683 3 6830 1500000000 2
341 682 3 6820 1500000000 2
342 681 3 6810 1500000000 2
343 680 3 6800 1500000000 2
344 679 3 6790 1500000000 2
345 678 3 6780 1500000000 2
346 677 3 6770 1500000000 2
347 676 3 6760 1500000000 2
348 675 3 6750 1500000000 2
349 674 3 6740 1500000000 2
350 673 3 6730 1500000000 2
351 672 3 6720 1500000000 2
352 671 3 6710 1500000000 2
353 670 3 6700 1500000000 2
354 669 3 6690 1500000000 2
355 668 3 6680 1500000000 2
356 667 3 6670 1500000000 2
357 666 3 6660 1500000000 2
358 665 3 6650 1500000000 2
359 664 3 6640 1500000000 2
360 663 3 6630 1500000000 2
361 662 3 6620 1500000000 2
362 661 3 6610 1500000000 2
363 660 3 6600 1500000000 2
364 659 3 6590 1500000000 2
365 658 3 6580 1500000000 2
366 657 3 6570 1500000000 2
367 656 3 6560 1500000000 2
368 655 3 6550 1500000000 2
369 654 3 6540 1500000000 2
370 653 3 6530 1500000000 2
371 652 3 6520 1500000000 2
372 651 3 6510 1500000000 2
373 650 3 6500 1500000000 2
374 649 3 6490 1500000000 2
375 648 3 6480 1500000000 2
376 647 3 6470 1500000000 2
377 646 3 6460 1500000000 2
378 645 3 6450 1500000000 2
379 644 3 6440 1500000000 2
380 643 3 6430 1500000000 2
381 642 3 6420 1500000000 2
382 641 3 6410 1500000000 2
383 640 3 6400 1500000000 2
384 639 3 6390 1500000000 2
385 638 3 6380 1500000000 2
386 637 3 6370 1500000000 2
387 636 3 6360 1500000000 2
388 635 3 6350 1500000000 2
389 634 3 6340 1500000000 2
390 633 3 6330 1500000000 2
391 632 3 6320 1500000000 2
392 631 3 6310 1500000000 2
393 630 3 6300 1500000000 2
394 629 3 6290 1500000000 2
395 628 3 6280 1500000000 2
396 627 3 6270 1500000000 2
397 626 3 6260 1500000000 2
398 625 3 6250 1500000000 2
399 624 3 6240 1500000000 2
400 623 3 6230 1500000000 2
401 622 3 6220 1500000000 2
402 621 3 6210 1500000000 2
403 620 3 6200 1500000000 2
404 619 3 6190 1500000000 2
405 618 3 6180 1500000000 2
406 617 3 6170 1500000000 2
407 616 3 6160 1500000000 2
408 615 3 6150 1500000000 2
409 614 3 6140 1500000000 2
410 613 3 6130 1500000000 2
411 612 3 6120 1500000000 2
412 611 3 6110 1500000000 2
413 610 3 6100 1500000000 2
414 609 3 6090 1500000000 2
415 608 3 6080 1500000000 2
416 607 3 6070 1500000000 2
417 606 3 6060 1500000000 2
418 605 3 6050 1500000000 2
419 604 3 6040 1500000000 2
420 603 3 6030 1500000000 2
421 602 3 6020 1500000000 2
422 601 3 6010 1500000000 2
423 600 3 6000 1500000000 2
424 599 3 5990 1500000000 2
425 598 3 5980 1500000000 2
426 597 3 5970 1500000000 2
427 596 3 5960 1500000000 2
428 595 3 5950 1500000000 2
429 594 3 5940 1500000000 2
430 593 3 5930 1500000000 2
431 592 3 5920 1500000000 2
432 591 3 5910 1500000000 2
433 590 3 5900 1500000000 2
434 589 3 5890 1500000000 2
435 588 3 5880 1500000000 2
436 587 3 5870 1500000000 2
437 586 3 5860 1500000000 2
438 585 3 5850 1500000000 2
439 584 3 5840 1500000000 2
440 583 3 5830 1500000000 2
441 582 3 5820 1500000000 2
442 581 3 5810 1500000000 2
443 580 3 5800 1500000000 2
444 579 3 5790 1500000000 2
445 578 3 5780 1500000000 2
446 577 3 5770 1500000000 2
447 576 3 5760 1500000000 2
448 575 3 5750 1500000000 2
449 574 3 5740 1500000000 2
450 573 3 5730 1500000000 2
451 572 3 5720 1500000000 2
452 571 3 5710 1500000000 2
453 570 3 5700 1500000000 2
454 569 3 5690 1500000000 2
455 568 3 5680 1500000000 2
456 567 3 5670 1500000000 2
457 566 3 5660 1500000000 2
458 565 3 5650 1500000000 2
459 564 3 5640 1500000000 2
460 563 3 5630 1500000000 2
461 562 3 5620 1500000000 2
462 561 3 5610 1500000000 2
463 560 3 5600 1500000000 2
464 559 3 5590 1500000000 2
465 558 3 5580 1500000000 2
466 557 3 5570 1500000000 2
467 556 3 5560 1500000000 2
468 555 3 5550 1500000000 2
469 554 3 5540 1500000000 2
470 553 3 5530 1500000000 2
471 552 3 5520 1500000000 2
472 551 3 5510 1500000000 2
473 550 3 5500 1500000000 2
474 549 3 5490 1500000000 2
475 548 3 5480 1500000000 2
476 547 3 5470 1500000000 2
477 546 3 5460 1500000000 2
478 545 3 5450 1500000000 2
479 544 3 5440 1500000000 2
480 543 3 5430 1500000000 2
481 542 3 5420 1500000000 2
482 541 3 5410 1500000000 2
483 540 3 5400 1500000000 2
484 539 3 5390 1500000000 2
485 538 3 5380 1500000000 2
486 537 3 5370 1500000000 2
487 536 3 5360 1500000000 2
488 535 3 5350 1500000000 2
489 534 3 5340 1500000000 2
490 533 3 5330 1500000000 2
491 532 3 5320 1500000000 2
492 531 3 5310 1500000000 2
493 530 3 5300 1500000000 2
494 529 3 5290 1500000000 2
495 528 3 5280 1500000000 2
496 527 3 5270 1500000000 2
497 526 3 5260 1500000000 2
498 525 3 5250 1500000000 2
499 524 3 5240 1500000000 2
500 523 3 5230 1500000000 2
501 522 3 5220 1500000000 2
502 521 3 5210 1500000000 2
503 520 3 5200 1500000000 2
504 519 3 5190 1500000000 2
505 518 3 5180 1500000000 2
506 517 3 5170 1500000000 2
507 516 3 5160 1500000000 2
508 515 3 5150 1500000000 2
509 514 3 5140 1500000000 2
510 513 3 5130 1500000000 2
511 512 3 5120 1500000000 2
