64
0 127 3 1270 1500000000 2
126 1 3 10 1500000000 2
2 125 3 1250 1500000000 2
124 3 3 30 1500000000 2
4 123 3 1230 1500000000 2
122 5 3 50 1500000000 2
6 121 3 1210 1500000000 2
120 7 3 70 1500000000 2
8 119 3 1190 1500000000 2
118 9 3 90 1500000000 2
10 117 3 1170 1500000000 2
116 11 3 110 1500000000 2
12 115 3 1150 1500000000 2
114 13 3 130 1500000000 2
14 113 3 1130 1500000000 2
112 15 3 150 1500000000 2
16 111 3 1110 1500000000 2
110 17 3 170 1500000000 2
18 109 3 1090 1500000000 2
108 19 3 190 1500000000 2
20 107 3 1070 1500000000 2
106 21 3 210 1500000000 2
22 105 3 1050 1500000000 2
104 23 3 230 1500000000 2
24 103 3 1030 1500000000 2
102 25 3 250 1500000000 2
26 101 3 1010 1500000000 2
100 27 3 270 1500000000 2
28 99 3 990 1500000000 2
98 29 3 290 1500000000 2
30 97 3 970 1500000000 2
96 31 3 310 1500000000 2
32 95 3 950 1500000000 2
94 33 3 330 1500000000 2
34 93 3 930 1500000000 2
92 35 3 350 1500000000 2
36 91 3 910 1500000000 2
90 37 3 370 1500000000 2
38 89 3 890 1500000000 2
88 39 3 390 1500000000 2
40 87 3 870 1500000000 2
86 41 3 410 1500000000 2
42 85 3 850 1500000000 2
84 43 3 430 1500000000 2
44 83 3 830 1500000000 2
82 45 3 450 1500000000 2
46 81 3 810 1500000000 2
80 47 3 470 1500000000 2
48 79 3 790 1500000000 2
78 49 3 490 1500000000 2
50 77 3 770 1500000000 2
76 51 3 510 1500000000 2
52 75 3 750 1500000000 2
74 53 3 530 1500000000 2
54 73 3 730 1500000000 2
72 55 3 550 1500000000 2
56 71 3 710 1500000000 2
70 57 3 570 1500000000 2
58 69 3 690 1500000000 2
68 59 3 590 1500000000 2
60 67 3 670 1500000000 2
66 61 3 610 1500000000 2
62 65 3 650 1500000000 2
64 63 3 630 1500000000 2
