0b002001 0b005f01 10000 950 1500000000 2000000000 122946504 123979638
0b004a01 0b003501 10000 530 1500000000 2000000000 122946504 123979638
0b003e01 0b004101 10000 650 1500000000 2000000000 122946504 123979638
0b003201 0b004d01 10000 770 1500000000 2000000000 123216351 123979638
0b000e01 0b007101 10000 1130 1500000000 2000000000 124497992 123979638
0b007801 0b000701 10000 70 1500000000 2000000000 124645748 123979638
0b006201 0b001d01 10000 290 1500000000 2000000000 124983600 123979638
0b007001 0b000f01 10000 150 1500000000 2000000000 125014711 123979638
0b002601 0b005901 10000 890 1500000000 2000000000 127005357 123979638
0b002801 0b005701 10000 870 1500000000 2000000000 127041312 123979638
0b002401 0b005b01 10000 910 1500000000 2000000000 127041320 123979638
0b006001 0b001f01 10000 310 1500000000 2000000000 127078327 123979638
0b001e01 0b006101 10000 970 1500000000 2000000000 127086192 123979638
0b001801 0b006701 10000 1030 1500000000 2000000000 127087200 123979638
0b005201 0b002d01 10000 450 1500000000 2000000000 128148053 123979638
0b005801 0b002701 10000 390 1500000000 2000000000 128166534 123979638
0b005a01 0b002501 10000 370 1500000000 2000000000 129186254 123979638
0b005001 0b002f01 10000 470 1500000000 2000000000 130991128 123979638
0b002c01 0b005301 10000 830 1500000000 2000000000 134254523 123979638
0b002e01 0b005101 10000 810 1500000000 2000000000 134254527 123979638
0b007a01 0b000501 10000 50 1500000000 2000000000 195894422 123979638
0b004e01 0b003101 10000 490 1500000000 2000000000 204469871 123979638
0b000601 0b007901 10000 1210 1500000000 2000000000 207448720 123979638
0b003c01 0b004301 10000 670 1500000000 2000000000 208155396 123979638
0b003001 0b004f01 10000 790 1500000000 2000000000 212283860 123979638
0b004c01 0b003301 10000 510 1500000000 2000000000 212285953 123979638
0b001a01 0b006501 10000 1010 1500000000 2000000000 212402783 123979638
0b006a01 0b001501 10000 210 1500000000 2000000000 212402923 123979638
0b003401 0b004b01 10000 750 1500000000 2000000000 213860489 123979638
0b000801 0b007701 10000 1190 1500000000 2000000000 215070107 123979638
0b007e01 0b000101 10000 10 1500000000 2000000000 227634265 123979638
0b006c01 0b001301 10000 190 1500000000 2000000000 244080735 123979638
0b004201 0b003d01 10000 610 1500000000 2000000000 245658146 123979638
0b007601 0b000901 10000 90 1500000000 2000000000 245841493 123979638
0b007401 0b000b01 10000 110 1500000000 2000000000 245880389 123979638
0b006401 0b001b01 10000 270 1500000000 2000000000 245880389 123979638
0b004001 0b003f01 10000 630 1500000000 2000000000 245883993 123979638
0b001601 0b006901 10000 1050 1500000000 2000000000 248312333 123979638
0b006e01 0b001101 10000 170 1500000000 2000000000 249011425 123979638
0b005401 0b002b01 10000 430 1500000000 2000000000 249179856 123979638
0b000201 0b007d01 10000 1250 1500000000 2000000000 249209325 123979638
0b000a01 0b007501 10000 1170 1500000000 2000000000 249209431 123979638
0b000001 0b007f01 10000 1270 1500000000 2000000000 249749974 123979638
0b000c01 0b007301 10000 1150 1500000000 2000000000 249754169 123979638
0b001001 0b006f01 10000 1110 1500000000 2000000000 249936910 123979638
0b001201 0b006d01 10000 1090 1500000000 2000000000 249937012 123979638
0b003601 0b004901 10000 730 1500000000 2000000000 249947590 123979638
0b005e01 0b002101 10000 330 1500000000 2000000000 249983394 123979638
0b005c01 0b002301 10000 350 1500000000 2000000000 249983596 123979638
0b005601 0b002901 10000 410 1500000000 2000000000 249987843 123979638
0b001c01 0b006301 10000 990 1500000000 2000000000 250012621 123979638
0b000401 0b007b01 10000 1230 1500000000 2000000000 250012621 123979638
0b001401 0b006b01 10000 1070 1500000000 2000000000 250015332 123979638
0b006801 0b001701 10000 230 1500000000 2000000000 250015384 123979638
0b002a01 0b005501 10000 850 1500000000 2000000000 250730297 123979638
0b002201 0b005d01 10000 930 1500000000 2000000000 250846596 123979638
0b004801 0b003701 10000 550 1500000000 2000000000 251999672 123979638
0b006601 0b001901 10000 250 1500000000 2000000000 252179051 123979638
0b003801 0b004701 10000 710 1500000000 2000000000 252810684 123979638
0b003a01 0b004501 10000 690 1500000000 2000000000 253313261 123979638
0b004601 0b003901 10000 570 1500000000 2000000000 253526610 123979638
0b007c01 0b000301 10000 30 1500000000 2000000000 257436378 123979638
0b007201 0b000d01 10000 130 1500000000 2000000000 273096631 123979638
0b004401 0b003b01 10000 590 1500000000 2000000000 277831523 123979638
