0b000701 0b03f801 10000 10160 1500000000 2000000000 122946504 123979638
0b000a01 0b03f501 10000 10130 1500000000 2000000000 122946504 123979638
0b000d01 0b03f201 10000 10100 1500000000 2000000000 122946504 123979638
0b001601 0b03e901 10000 10010 1500000000 2000000000 122946504 123979638
0b001e01 0b03e101 10000 9930 1500000000 2000000000 122946504 123979638
0b001f01 0b03e001 10000 9920 1500000000 2000000000 122946504 123979638
0b002001 0b03df01 10000 9910 1500000000 2000000000 122946504 123979638
0b003301 0b03cc01 10000 9720 1500000000 2000000000 122946504 123979638
0b003601 0b03c901 10000 9690 1500000000 2000000000 122946504 123979638
0b003701 0b03c801 10000 9680 1500000000 2000000000 122946504 123979638
0b004501 0b03ba01 10000 9540 1500000000 2000000000 122946504 123979638
0b004601 0b03b901 10000 9530 1500000000 2000000000 122946504 123979638
0b004901 0b03b601 10000 9500 1500000000 2000000000 122946504 123979638
0b004c01 0b03b301 10000 9470 1500000000 2000000000 122946504 123979638
0b005201 0b03ad01 10000 9410 1500000000 2000000000 122946504 123979638
0b005c01 0b03a301 10000 9310 1500000000 2000000000 122946504 123979638
0b005f01 0b03a001 10000 9280 1500000000 2000000000 122946504 123979638
0b006001 0b039f01 10000 9270 1500000000 2000000000 122946504 123979638
0b006101 0b039e01 10000 9260 1500000000 2000000000 122946504 123979638
0b006301 0b039c01 10000 9240 1500000000 2000000000 122946504 123979638
0b007001 0b038f01 10000 9110 1500000000 2000000000 122946504 123979638
0b007801 0b038701 10000 9030 1500000000 2000000000 122946504 123979638
0b007e01 0b038101 10000 8970 1500000000 2000000000 122946504 123979638
0b007f01 0b038001 10000 8960 1500000000 2000000000 122946504 123979638
0b008101 0b037e01 10000 8940 1500000000 2000000000 122946504 123979638
0b008901 0b037601 10000 8860 1500000000 2000000000 122946504 123979638
0b008d01 0b037201 10000 8820 1500000000 2000000000 122946504 123979638
0b008f01 0b037001 10000 8800 1500000000 2000000000 122946504 123979638
0b009201 0b036d01 10000 8770 1500000000 2000000000 122946504 123979638
0b009701 0b036801 10000 8720 1500000000 2000000000 122946504 123979638
0b009801 0b036701 10000 8710 1500000000 2000000000 122946504 123979638
0b00a301 0b035c01 10000 8600 1500000000 2000000000 122946504 123979638
0b00aa01 0b035501 10000 8530 1500000000 2000000000 122946504 123979638
0b00ad01 0b035201 10000 8500 1500000000 2000000000 122946504 123979638
0b00b101 0b034e01 10000 8460 1500000000 2000000000 122946504 123979638
0b00bb01 0b034401 10000 8360 1500000000 2000000000 122946504 123979638
0b00c001 0b033f01 10000 8310 1500000000 2000000000 122946504 123979638
0b00c401 0b033b01 10000 8270 1500000000 2000000000 122946504 123979638
0b00cb01 0b033401 10000 8200 1500000000 2000000000 122946504 123979638
0b00ee01 0b031101 10000 7850 1500000000 2000000000 122946504 123979638
0b00ef01 0b031001 10000 7840 1500000000 2000000000 122946504 123979638
0b00f301 0b030c01 10000 7800 1500000000 2000000000 122946504 123979638
0b010301 0b02fc01 10000 7640 1500000000 2000000000 122946504 123979638
0b010801 0b02f701 10000 7590 1500000000 2000000000 122946504 123979638
0b011b01 0b02e401 10000 7400 1500000000 2000000000 122946504 123979638
0b011f01 0b02e001 10000 7360 1500000000 2000000000 122946504 123979638
0b012101 0b02de01 10000 7340 1500000000 2000000000 122946504 123979638
0b012a01 0b02d501 10000 7250 1500000000 2000000000 122946504 123979638
0b013901 0b02c601 10000 7100 1500000000 2000000000 122946504 123979638
0b014501 0b02ba01 10000 6980 1500000000 2000000000 122946504 123979638
0b014601 0b02b901 10000 6970 1500000000 2000000000 122946504 123979638
0b014801 0b02b701 10000 6950 1500000000 2000000000 122946504 123979638
0b015601 0b02a901 10000 6810 1500000000 2000000000 122946504 123979638
0b016401 0b029b01 10000 6670 1500000000 2000000000 122946504 123979638
0b016901 0b029601 10000 6620 1500000000 2000000000 122946504 123979638
0b017801 0b028701 10000 6470 1500000000 2000000000 122946504 123979638
0b017b01 0b028401 10000 6440 1500000000 2000000000 122946504 123979638
0b017f01 0b028001 10000 6400 1500000000 2000000000 122946504 123979638
0b018601 0b027901 10000 6330 1500000000 2000000000 122946504 123979638
0b018701 0b027801 10000 6320 1500000000 2000000000 122946504 123979638
0b018c01 0b027301 10000 6270 1500000000 2000000000 122946504 123979638
0b019501 0b026a01 10000 6180 1500000000 2000000000 122946504 123979638
0b019801 0b026701 10000 6150 1500000000 2000000000 122946504 123979638
0b019c01 0b026301 10000 6110 1500000000 2000000000 122946504 123979638
0b01a301 0b025c01 10000 6040 1500000000 2000000000 122946504 123979638
0b01a401 0b025b01 10000 6030 1500000000 2000000000 122946504 123979638
0b01a801 0b025701 10000 5990 1500000000 2000000000 122946504 123979638
0b01ab01 0b025401 10000 5960 1500000000 2000000000 122946504 123979638
0b01ba01 0b024501 10000 5810 1500000000 2000000000 122946504 123979638
0b01c001 0b023f01 10000 5750 1500000000 2000000000 122946504 123979638
0b01ca01 0b023501 10000 5650 1500000000 2000000000 122946504 123979638
0b01cb01 0b023401 10000 5640 1500000000 2000000000 122946504 123979638
0b01d201 0b022d01 10000 5570 1500000000 2000000000 122946504 123979638
0b01d701 0b022801 10000 5520 1500000000 2000000000 122946504 123979638
0b01df01 0b022001 10000 5440 1500000000 2000000000 122946504 123979638
0b01e201 0b021d01 10000 5410 1500000000 2000000000 122946504 123979638
0b01f201 0b020d01 10000 5250 1500000000 2000000000 122946504 123979638
0b01f401 0b020b01 10000 5230 1500000000 2000000000 122946504 123979638
0b01fc01 0b020301 10000 5150 1500000000 2000000000 122946504 123979638
0b003801 0b03c701 10000 9670 1500000000 2000000000 122946508 123979638
0b004801 0b03b701 10000 9510 1500000000 2000000000 122946508 123979638
0b005e01 0b03a101 10000 9290 1500000000 2000000000 122946508 123979638
0b00bc01 0b034301 10000 8350 1500000000 2000000000 122946508 123979638
0b00f701 0b030801 10000 7760 1500000000 2000000000 122946508 123979638
0b00e201 0b031d01 10000 7970 1500000000 2000000000 122946508 123979638
0b00fd01 0b030201 10000 7700 1500000000 2000000000 122946508 123979638
0b01ad01 0b025201 10000 5940 1500000000 2000000000 122946508 123979638
0b001701 0b03e801 10000 10000 1500000000 2000000000 122946508 123979638
0b007401 0b038b01 10000 9070 1500000000 2000000000 122946508 123979638
0b019701 0b026801 10000 6160 1500000000 2000000000 122946508 123979638
0b01d301 0b022c01 10000 5560 1500000000 2000000000 122946508 123979638
0b005701 0b03a801 10000 9360 1500000000 2000000000 122946512 123979638
0b004d01 0b03b201 10000 9460 1500000000 2000000000 122946512 123979638
0b01bd01 0b024201 10000 5780 1500000000 2000000000 152141607 123979638
0b01c501 0b023a01 10000 5700 1500000000 2000000000 160729225 123979638
0b01d501 0b022a01 10000 5540 1500000000 2000000000 160733288 123979638
0b01ed01 0b021201 10000 5300 1500000000 2000000000 160742434 123979638
0b015701 0b02a801 10000 6800 1500000000 2000000000 160964148 123979638
0b008a01 0b037501 10000 8850 1500000000 2000000000 175975488 123979638
0b012e01 0b02d101 10000 7210 1500000000 2000000000 175975488 123979638
0b015901 0b02a601 10000 6780 1500000000 2000000000 175975488 123979638
0b01d601 0b022901 10000 5530 1500000000 2000000000 175975488 123979638
0b01c701 0b023801 10000 5680 1500000000 2000000000 175975522 123979638
0b01c601 0b023901 10000 5690 1500000000 2000000000 175975998 123979638
0b012701 0b02d801 10000 7280 1500000000 2000000000 175975998 123979638
0b01d801 0b022701 10000 5510 1500000000 2000000000 175980877 123979638
0b00ea01 0b031501 10000 7890 1500000000 2000000000 175984685 123979638
0b009f01 0b036001 10000 8640 1500000000 2000000000 175984787 123979638
0b003101 0b03ce01 10000 9740 1500000000 2000000000 175987065 123979638
0b01b401 0b024b01 10000 5870 1500000000 2000000000 175988731 123979638
0b011601 0b02e901 10000 7450 1500000000 2000000000 175993372 123979638
0b01b501 0b024a01 10000 5860 1500000000 2000000000 175995633 123979638
0b001a01 0b03e501 10000 9970 1500000000 2000000000 176427008 123979638
0b01a101 0b025e01 10000 6060 1500000000 2000000000 179289196 123979638
0b019401 0b026b01 10000 6190 1500000000 2000000000 179289315 123979638
0b001b01 0b03e401 10000 9960 1500000000 2000000000 179299532 123979638
0b000f01 0b03f001 10000 10080 1500000000 2000000000 179299549 123979638
0b009101 0b036e01 10000 8780 1500000000 2000000000 180884850 123979638
0b00c801 0b033701 10000 8230 1500000000 2000000000 185109588 123979638
0b00f001 0b030f01 10000 7830 1500000000 2000000000 185160622 123979638
0b00af01 0b035001 10000 8480 1500000000 2000000000 186124556 123979638
0b000e01 0b03f101 10000 10090 1500000000 2000000000 187391294 123979638
0b01cc01 0b023301 10000 5630 1500000000 2000000000 190920494 123979638
0b006501 0b039a01 10000 9220 1500000000 2000000000 191038525 123979638
0b00f101 0b030e01 10000 7820 1500000000 2000000000 194884741 123979638
0b00c701 0b033801 10000 8240 1500000000 2000000000 194884860 123979638
0b00b001 0b034f01 10000 8470 1500000000 2000000000 208997393 123979638
0b011201 0b02ed01 10000 7490 1500000000 2000000000 208997393 123979638
0b016b01 0b029401 10000 6600 1500000000 2000000000 208997393 123979638
0b01a201 0b025d01 10000 6050 1500000000 2000000000 208997393 123979638
0b002901 0b03d601 10000 9820 1500000000 2000000000 208997512 123979638
0b008301 0b037c01 10000 8920 1500000000 2000000000 208997512 123979638
0b008701 0b037801 10000 8880 1500000000 2000000000 208997512 123979638
0b00a501 0b035a01 10000 8580 1500000000 2000000000 208997512 123979638
0b00bd01 0b034201 10000 8340 1500000000 2000000000 209008120 123979638
0b012901 0b02d601 10000 7260 1500000000 2000000000 209008120 123979638
0b017c01 0b028301 10000 6430 1500000000 2000000000 209008120 123979638
0b01b101 0b024e01 10000 5900 1500000000 2000000000 209008120 123979638
0b00a201 0b035d01 10000 8610 1500000000 2000000000 209008120 123979638
0b00b701 0b034801 10000 8400 1500000000 2000000000 209008120 123979638
0b001101 0b03ee01 10000 10060 1500000000 2000000000 209008239 123979638
0b008e01 0b037101 10000 8810 1500000000 2000000000 209008239 123979638
0b011101 0b02ee01 10000 7500 1500000000 2000000000 209067484 123979638
0b001c01 0b03e301 10000 9950 1500000000 2000000000 209076919 123979638
0b013c01 0b02c301 10000 7070 1500000000 2000000000 209078449 123979638
0b003f01 0b03c001 10000 9600 1500000000 2000000000 209087374 123979638
0b014a01 0b02b501 10000 6930 1500000000 2000000000 209089618 123979638
0b017201 0b028d01 10000 6530 1500000000 2000000000 209100464 123979638
0b005101 0b03ae01 10000 9420 1500000000 2000000000 209200203 123979638
0b006901 0b039601 10000 9180 1500000000 2000000000 209211134 123979638
0b017a01 0b028501 10000 6450 1500000000 2000000000 209457362 123979638
0b016a01 0b029501 10000 6610 1500000000 2000000000 209468174 123979638
0b00a801 0b035701 10000 8550 1500000000 2000000000 210473367 123979638
0b013601 0b02c901 10000 7130 1500000000 2000000000 222401910 123979638
0b018e01 0b027101 10000 6250 1500000000 2000000000 222401910 123979638
0b018501 0b027a01 10000 6340 1500000000 2000000000 222423109 123979638
0b012601 0b02d901 10000 7290 1500000000 2000000000 222423109 123979638
0b012c01 0b02d301 10000 7230 1500000000 2000000000 222423942 123979638
0b019f01 0b026001 10000 6080 1500000000 2000000000 222423942 123979638
0b007901 0b038601 10000 9020 1500000000 2000000000 229098431 123979638
0b00fa01 0b030501 10000 7730 1500000000 2000000000 229098550 123979638
0b005601 0b03a901 10000 9370 1500000000 2000000000 229124356 123979638
0b00df01 0b032001 10000 8000 1500000000 2000000000 229124475 123979638
0b00f501 0b030a01 10000 7780 1500000000 2000000000 229131377 123979638
0b004a01 0b03b501 10000 9490 1500000000 2000000000 229131496 123979638
0b00d101 0b032e01 10000 8140 1500000000 2000000000 229131853 123979638
0b005801 0b03a701 10000 9350 1500000000 2000000000 229131972 123979638
0b014901 0b02b601 10000 6940 1500000000 2000000000 232323926 123979638
0b016d01 0b029201 10000 6580 1500000000 2000000000 232351755 123979638
0b014e01 0b02b101 10000 6890 1500000000 2000000000 243255827 123979638
0b013f01 0b02c001 10000 7040 1500000000 2000000000 245403182 123979638
0b01db01 0b022401 10000 5480 1500000000 2000000000 245437233 123979638
0b00c101 0b033e01 10000 8300 1500000000 2000000000 245709743 123979638
0b010601 0b02f901 10000 7610 1500000000 2000000000 245761967 123979638
0b012201 0b02dd01 10000 7330 1500000000 2000000000 245830035 123979638
0b01dc01 0b022301 10000 5470 1500000000 2000000000 245842887 123979638
0b00cf01 0b033001 10000 8160 1500000000 2000000000 245852441 123979638
0b00d901 0b032601 10000 8060 1500000000 2000000000 245852666 123979638
0b018f01 0b027001 10000 6240 1500000000 2000000000 245860771 123979638
0b01ac01 0b025301 10000 5950 1500000000 2000000000 245861366 123979638
0b015b01 0b02a401 10000 6760 1500000000 2000000000 245862046 123979638
0b018401 0b027b01 10000 6350 1500000000 2000000000 245862437 123979638
0b001501 0b03ea01 10000 10020 1500000000 2000000000 245866840 123979638
0b002d01 0b03d201 10000 9780 1500000000 2000000000 245866840 123979638
0b004201 0b03bd01 10000 9570 1500000000 2000000000 245866840 123979638
0b008801 0b037701 10000 8870 1500000000 2000000000 245866840 123979638
0b011701 0b02e801 10000 7440 1500000000 2000000000 245866840 123979638
0b014101 0b02be01 10000 7020 1500000000 2000000000 245866840 123979638
0b000101 0b03fe01 10000 10220 1500000000 2000000000 245866959 123979638
0b001d01 0b03e201 10000 9940 1500000000 2000000000 245866959 123979638
0b005501 0b03aa01 10000 9380 1500000000 2000000000 245866959 123979638
0b009901 0b036601 10000 8700 1500000000 2000000000 245866959 123979638
0b013701 0b02c801 10000 7120 1500000000 2000000000 245866959 123979638
0b015001 0b02af01 10000 6870 1500000000 2000000000 245866959 123979638
0b01a901 0b025601 10000 5980 1500000000 2000000000 245871481 123979638
0b016c01 0b029301 10000 6590 1500000000 2000000000 245871923 123979638
0b01bb01 0b024401 10000 5800 1500000000 2000000000 245872671 123979638
0b01a701 0b025801 10000 6000 1500000000 2000000000 245873385 123979638
0b000301 0b03fc01 10000 10200 1500000000 2000000000 245880253 123979638
0b001301 0b03ec01 10000 10040 1500000000 2000000000 245880253 123979638
0b002c01 0b03d301 10000 9790 1500000000 2000000000 245880253 123979638
0b005001 0b03af01 10000 9430 1500000000 2000000000 245880253 123979638
0b005301 0b03ac01 10000 9400 1500000000 2000000000 245880253 123979638
0b008b01 0b037401 10000 8840 1500000000 2000000000 245880253 123979638
0b009301 0b036c01 10000 8760 1500000000 2000000000 245880253 123979638
0b009d01 0b036201 10000 8660 1500000000 2000000000 245880253 123979638
0b00c601 0b033901 10000 8250 1500000000 2000000000 245880253 123979638
0b00cc01 0b033301 10000 8190 1500000000 2000000000 245880253 123979638
0b00d401 0b032b01 10000 8110 1500000000 2000000000 245880253 123979638
0b015d01 0b02a201 10000 6740 1500000000 2000000000 245880253 123979638
0b018801 0b027701 10000 6310 1500000000 2000000000 245880253 123979638
0b019601 0b026901 10000 6170 1500000000 2000000000 245880253 123979638
0b01d401 0b022b01 10000 5550 1500000000 2000000000 245880253 123979638
0b00db01 0b032401 10000 8040 1500000000 2000000000 245880257 123979638
0b007a01 0b038501 10000 9010 1500000000 2000000000 245880270 123979638
0b001201 0b03ed01 10000 10050 1500000000 2000000000 245880270 123979638
0b004301 0b03bc01 10000 9560 1500000000 2000000000 245880270 123979638
0b004b01 0b03b401 10000 9480 1500000000 2000000000 245880270 123979638
0b006201 0b039d01 10000 9250 1500000000 2000000000 245880270 123979638
0b008001 0b037f01 10000 8950 1500000000 2000000000 245880270 123979638
0b009401 0b036b01 10000 8750 1500000000 2000000000 245880270 123979638
0b00da01 0b032501 10000 8050 1500000000 2000000000 245880270 123979638
0b00e301 0b031c01 10000 7960 1500000000 2000000000 245880270 123979638
0b010901 0b02f601 10000 7580 1500000000 2000000000 245880270 123979638
0b011301 0b02ec01 10000 7480 1500000000 2000000000 245880270 123979638
0b011901 0b02e601 10000 7420 1500000000 2000000000 245880270 123979638
0b015101 0b02ae01 10000 6860 1500000000 2000000000 245880270 123979638
0b018901 0b027601 10000 6300 1500000000 2000000000 245880270 123979638
0b01e501 0b021a01 10000 5380 1500000000 2000000000 245880270 123979638
0b003901 0b03c601 10000 9660 1500000000 2000000000 245880270 123979638
0b00b901 0b034601 10000 8380 1500000000 2000000000 245880270 123979638
0b00d001 0b032f01 10000 8150 1500000000 2000000000 245880270 123979638
0b00e101 0b031e01 10000 7980 1500000000 2000000000 245880270 123979638
0b010001 0b02ff01 10000 7670 1500000000 2000000000 245880270 123979638
0b013001 0b02cf01 10000 7190 1500000000 2000000000 245880270 123979638
0b01d901 0b022601 10000 5500 1500000000 2000000000 245880270 123979638
0b002501 0b03da01 10000 9860 1500000000 2000000000 245880355 123979638
0b002701 0b03d801 10000 9840 1500000000 2000000000 245880355 123979638
0b003d01 0b03c201 10000 9620 1500000000 2000000000 245880355 123979638
0b005901 0b03a601 10000 9340 1500000000 2000000000 245880355 123979638
0b006601 0b039901 10000 9210 1500000000 2000000000 245880355 123979638
0b00bf01 0b034001 10000 8320 1500000000 2000000000 245880355 123979638
0b00a001 0b035f01 10000 8630 1500000000 2000000000 245880355 123979638
0b00b801 0b034701 10000 8390 1500000000 2000000000 245880355 123979638
0b00e401 0b031b01 10000 7950 1500000000 2000000000 245880355 123979638
0b00f401 0b030b01 10000 7790 1500000000 2000000000 245880355 123979638
0b00dc01 0b032301 10000 8030 1500000000 2000000000 245880355 123979638
0b00eb01 0b031401 10000 7880 1500000000 2000000000 245880355 123979638
0b017901 0b028601 10000 6460 1500000000 2000000000 245880355 123979638
0b019001 0b026f01 10000 6230 1500000000 2000000000 245880355 123979638
0b01af01 0b025001 10000 5920 1500000000 2000000000 245880355 123979638
0b01f701 0b020801 10000 5200 1500000000 2000000000 245880355 123979638
0b001401 0b03eb01 10000 10030 1500000000 2000000000 245880372 123979638
0b004401 0b03bb01 10000 9550 1500000000 2000000000 245880372 123979638
0b004e01 0b03b101 10000 9450 1500000000 2000000000 245880372 123979638
0b006401 0b039b01 10000 9230 1500000000 2000000000 245880372 123979638
0b008601 0b037901 10000 8890 1500000000 2000000000 245880372 123979638
0b009601 0b036901 10000 8730 1500000000 2000000000 245880372 123979638
0b00de01 0b032101 10000 8010 1500000000 2000000000 245880372 123979638
0b00e601 0b031901 10000 7930 1500000000 2000000000 245880372 123979638
0b010b01 0b02f401 10000 7560 1500000000 2000000000 245880372 123979638
0b011401 0b02eb01 10000 7470 1500000000 2000000000 245880372 123979638
0b011e01 0b02e101 10000 7370 1500000000 2000000000 245880372 123979638
0b015501 0b02aa01 10000 6820 1500000000 2000000000 245880372 123979638
0b018d01 0b027201 10000 6260 1500000000 2000000000 245880372 123979638
0b01e601 0b021901 10000 5370 1500000000 2000000000 245880372 123979638
0b003a01 0b03c501 10000 9650 1500000000 2000000000 245880372 123979638
0b00ba01 0b034501 10000 8370 1500000000 2000000000 245880372 123979638
0b00d201 0b032d01 10000 8130 1500000000 2000000000 245880372 123979638
0b00e701 0b031801 10000 7920 1500000000 2000000000 245880372 123979638
0b010701 0b02f801 10000 7600 1500000000 2000000000 245880372 123979638
0b013101 0b02ce01 10000 7180 1500000000 2000000000 245880372 123979638
0b01da01 0b022501 10000 5490 1500000000 2000000000 245880372 123979638
0b007601 0b038901 10000 9050 1500000000 2000000000 245880389 123979638
0b007701 0b038801 10000 9040 1500000000 2000000000 245880491 123979638
0b007c01 0b038301 10000 8990 1500000000 2000000000 245880508 123979638
0b004f01 0b03b001 10000 9440 1500000000 2000000000 245882174 123979638
0b00f201 0b030d01 10000 7810 1500000000 2000000000 245882174 123979638
0b018201 0b027d01 10000 6370 1500000000 2000000000 245882888 123979638
0b012001 0b02df01 10000 7350 1500000000 2000000000 245882888 123979638
0b003b01 0b03c401 10000 9640 1500000000 2000000000 245884435 123979638
0b001001 0b03ef01 10000 10070 1500000000 2000000000 245884435 123979638
0b008c01 0b037301 10000 8830 1500000000 2000000000 245884435 123979638
0b00be01 0b034101 10000 8330 1500000000 2000000000 245884435 123979638
0b012b01 0b02d401 10000 7240 1500000000 2000000000 245884435 123979638
0b017e01 0b028101 10000 6410 1500000000 2000000000 245884435 123979638
0b01b201 0b024d01 10000 5890 1500000000 2000000000 245884435 123979638
0b00a101 0b035e01 10000 8620 1500000000 2000000000 245884435 123979638
0b00b301 0b034c01 10000 8440 1500000000 2000000000 245884435 123979638
0b016e01 0b029101 10000 6570 1500000000 2000000000 245884554 123979638
0b006a01 0b039501 10000 9170 1500000000 2000000000 245884554 123979638
0b017101 0b028e01 10000 6540 1500000000 2000000000 245884554 123979638
0b013801 0b02c701 10000 7110 1500000000 2000000000 245884554 123979638
0b00d301 0b032c01 10000 8120 1500000000 2000000000 245885982 123979638
0b005d01 0b03a201 10000 9300 1500000000 2000000000 245886101 123979638
0b012801 0b02d701 10000 7270 1500000000 2000000000 245888362 123979638
0b019901 0b026601 10000 6140 1500000000 2000000000 245888362 123979638
0b00dd01 0b032201 10000 8020 1500000000 2000000000 245890011 123979638
0b005401 0b03ab01 10000 9390 1500000000 2000000000 245890011 123979638
0b016801 0b029701 10000 6630 1500000000 2000000000 245890861 123979638
0b01d001 0b022f01 10000 5590 1500000000 2000000000 245891235 123979638
0b019301 0b026c01 10000 6200 1500000000 2000000000 245891813 123979638
0b010201 0b02fd01 10000 7650 1500000000 2000000000 245891949 123979638
0b019e01 0b026101 10000 6090 1500000000 2000000000 245892051 123979638
0b016301 0b029c01 10000 6680 1500000000 2000000000 245892170 123979638
0b019b01 0b026401 10000 6120 1500000000 2000000000 245892289 123979638
0b00d801 0b032701 10000 8070 1500000000 2000000000 245893020 123979638
0b00cd01 0b033201 10000 8180 1500000000 2000000000 245893343 123979638
0b002201 0b03dd01 10000 9890 1500000000 2000000000 245893700 123979638
0b003401 0b03cb01 10000 9710 1500000000 2000000000 245893700 123979638
0b007201 0b038d01 10000 9090 1500000000 2000000000 245893700 123979638
0b00ab01 0b035401 10000 8520 1500000000 2000000000 245893700 123979638
0b010401 0b02fb01 10000 7630 1500000000 2000000000 245893700 123979638
0b016601 0b029901 10000 6650 1500000000 2000000000 245893700 123979638
0b002101 0b03de01 10000 9900 1500000000 2000000000 245893802 123979638
0b003001 0b03cf01 10000 9750 1500000000 2000000000 245893802 123979638
0b007101 0b038e01 10000 9100 1500000000 2000000000 245893802 123979638
0b00a901 0b035601 10000 8540 1500000000 2000000000 245893802 123979638
0b010101 0b02fe01 10000 7660 1500000000 2000000000 245893802 123979638
0b016001 0b029f01 10000 6710 1500000000 2000000000 245893802 123979638
0b019d01 0b026201 10000 6100 1500000000 2000000000 245893819 123979638
0b016101 0b029e01 10000 6700 1500000000 2000000000 245893819 123979638
0b019a01 0b026501 10000 6130 1500000000 2000000000 245893819 123979638
0b019201 0b026d01 10000 6210 1500000000 2000000000 245893819 123979638
0b013401 0b02cb01 10000 7150 1500000000 2000000000 245930386 123979638
0b00c201 0b033d01 10000 8290 1500000000 2000000000 245966562 123979638
0b01de01 0b022101 10000 5450 1500000000 2000000000 246070092 123979638
0b011a01 0b02e501 10000 7410 1500000000 2000000000 246085290 123979638
0b014701 0b02b801 10000 6960 1500000000 2000000000 248006103 123979638
0b016201 0b029d01 10000 6690 1500000000 2000000000 258445616 123979638
0b00b501 0b034a01 10000 8420 1500000000 2000000000 284644180 123979638
0b009001 0b036f01 10000 8790 1500000000 2000000000 305360975 123979638
0b00d601 0b032901 10000 8090 1500000000 2000000000 305991097 123979638
0b003201 0b03cd01 10000 9730 1500000000 2000000000 306915234 123979638
0b00e001 0b031f01 10000 7990 1500000000 2000000000 308717727 123979638
0b00ff01 0b030001 10000 7680 1500000000 2000000000 308975498 123979638
0b01e001 0b021f01 10000 5430 1500000000 2000000000 313778797 123979638
0b01eb01 0b021401 10000 5320 1500000000 2000000000 313812015 123979638
0b007501 0b038a01 10000 9060 1500000000 2000000000 314101644 123979638
0b004701 0b03b801 10000 9520 1500000000 2000000000 314147357 123979638
0b014001 0b02bf01 10000 7030 1500000000 2000000000 321292695 123979638
0b005a01 0b03a501 10000 9330 1500000000 2000000000 321426468 123979638
0b005b01 0b03a401 10000 9320 1500000000 2000000000 321426570 123979638
0b006c01 0b039301 10000 9150 1500000000 2000000000 321438249 123979638
0b006e01 0b039101 10000 9130 1500000000 2000000000 321438589 123979638
0b017d01 0b028201 10000 6420 1500000000 2000000000 321463953 123979638
0b015801 0b02a701 10000 6790 1500000000 2000000000 321470260 123979638
0b015f01 0b02a001 10000 6720 1500000000 2000000000 321471909 123979638
0b002401 0b03db01 10000 9870 1500000000 2000000000 324955889 123979638
0b000b01 0b03f401 10000 10120 1500000000 2000000000 325266598 123979638
0b002301 0b03dc01 10000 9880 1500000000 2000000000 325278600 123979638
0b00ac01 0b035301 10000 8510 1500000000 2000000000 325627049 123979638
0b009a01 0b036501 10000 8690 1500000000 2000000000 325634665 123979638
0b009e01 0b036101 10000 8650 1500000000 2000000000 325634886 123979638
0b00ca01 0b033501 10000 8210 1500000000 2000000000 326462293 123979638
0b00e501 0b031a01 10000 7940 1500000000 2000000000 326462514 123979638
0b006701 0b039801 10000 9200 1500000000 2000000000 327325502 123979638
0b01c801 0b023701 10000 5670 1500000000 2000000000 327338269 123979638
0b004001 0b03bf01 10000 9590 1500000000 2000000000 327338609 123979638
0b01ec01 0b021301 10000 5310 1500000000 2000000000 327351342 123979638
0b00c301 0b033c01 10000 8280 1500000000 2000000000 328245746 123979638
0b00f601 0b030901 10000 7770 1500000000 2000000000 328245848 123979638
0b00ed01 0b031201 10000 7860 1500000000 2000000000 328261828 123979638
0b00e901 0b031601 10000 7900 1500000000 2000000000 328263358 123979638
0b00ce01 0b033101 10000 8170 1500000000 2000000000 331630565 123979638
0b00fe01 0b030101 10000 7690 1500000000 2000000000 331645219 123979638
0b00a401 0b035b01 10000 8590 1500000000 2000000000 333449293 123979638
0b00d501 0b032a01 10000 8100 1500000000 2000000000 338086587 123979638
0b00fb01 0b030401 10000 7720 1500000000 2000000000 338103485 123979638
0b00a701 0b035801 10000 8560 1500000000 2000000000 345556676 123979638
0b00ae01 0b035101 10000 8490 1500000000 2000000000 345961259 123979638
0b003e01 0b03c101 10000 9610 1500000000 2000000000 348314977 123979638
0b018101 0b027e01 10000 6380 1500000000 2000000000 348331297 123979638
0b009501 0b036a01 10000 8740 1500000000 2000000000 353699744 123979638
0b015a01 0b02a501 10000 6770 1500000000 2000000000 354751704 123979638
0b015201 0b02ad01 10000 6850 1500000000 2000000000 354764403 123979638
0b000501 0b03fa01 10000 10180 1500000000 2000000000 358582076 123979638
0b013e01 0b02c101 10000 7050 1500000000 2000000000 360143254 123979638
0b01bc01 0b024301 10000 5790 1500000000 2000000000 360215453 123979638
0b01cf01 0b023001 10000 5600 1500000000 2000000000 360333297 123979638
0b000801 0b03f701 10000 10150 1500000000 2000000000 360333739 123979638
0b010a01 0b02f501 10000 7570 1500000000 2000000000 360353629 123979638
0b00a601 0b035901 10000 8570 1500000000 2000000000 360372533 123979638
0b00c501 0b033a01 10000 8260 1500000000 2000000000 360372533 123979638
0b00b401 0b034b01 10000 8430 1500000000 2000000000 360372635 123979638
0b00c901 0b033601 10000 8220 1500000000 2000000000 360372635 123979638
0b01be01 0b024101 10000 5770 1500000000 2000000000 360377055 123979638
0b01a601 0b025901 10000 6010 1500000000 2000000000 360377650 123979638
0b008201 0b037d01 10000 8930 1500000000 2000000000 360379571 123979638
0b012301 0b02dc01 10000 7320 1500000000 2000000000 360379571 123979638
0b017001 0b028f01 10000 6550 1500000000 2000000000 360379690 123979638
0b01f801 0b020701 10000 5190 1500000000 2000000000 360379690 123979638
0b01e401 0b021b01 10000 5390 1500000000 2000000000 360379690 123979638
0b008401 0b037b01 10000 8910 1500000000 2000000000 360379792 123979638
0b012401 0b02db01 10000 7310 1500000000 2000000000 360379792 123979638
0b017601 0b028901 10000 6490 1500000000 2000000000 360379792 123979638
0b01fb01 0b020401 10000 5160 1500000000 2000000000 360379792 123979638
0b01e701 0b021801 10000 5360 1500000000 2000000000 360379792 123979638
0b001901 0b03e601 10000 9980 1500000000 2000000000 360390247 123979638
0b010c01 0b02f301 10000 7550 1500000000 2000000000 360390740 123979638
0b01cd01 0b023201 10000 5620 1500000000 2000000000 360417396 123979638
0b01e801 0b021701 10000 5350 1500000000 2000000000 360418484 123979638
0b01ef01 0b021001 10000 5280 1500000000 2000000000 360418586 123979638
0b01a001 0b025f01 10000 6070 1500000000 2000000000 360441689 123979638
0b013501 0b02ca01 10000 7140 1500000000 2000000000 360529001 123979638
0b000601 0b03f901 10000 10170 1500000000 2000000000 361588713 123979638
0b01ae01 0b025101 10000 5930 1500000000 2000000000 368726248 123979638
0b010d01 0b02f201 10000 7540 1500000000 2000000000 368731484 123979638
0b018b01 0b027401 10000 6280 1500000000 2000000000 368736091 123979638
0b01b601 0b024901 10000 5850 1500000000 2000000000 368736193 123979638
0b011001 0b02ef01 10000 7510 1500000000 2000000000 368741446 123979638
0b013201 0b02cd01 10000 7170 1500000000 2000000000 368741667 123979638
0b011801 0b02e701 10000 7430 1500000000 2000000000 368754043 123979638
0b010e01 0b02f101 10000 7530 1500000000 2000000000 368776194 123979638
0b013301 0b02cc01 10000 7160 1500000000 2000000000 368776415 123979638
0b007301 0b038c01 10000 9080 1500000000 2000000000 368800708 123979638
0b002b01 0b03d401 10000 9800 1500000000 2000000000 368800827 123979638
0b01b901 0b024601 10000 5820 1500000000 2000000000 368805689 123979638
0b000901 0b03f601 10000 10140 1500000000 2000000000 368814036 123979638
0b006801 0b039701 10000 9190 1500000000 2000000000 368814053 123979638
0b014b01 0b02b401 10000 6920 1500000000 2000000000 368814053 123979638
0b01fa01 0b020501 10000 5170 1500000000 2000000000 368814053 123979638
0b01c101 0b023e01 10000 5740 1500000000 2000000000 368814053 123979638
0b000c01 0b03f301 10000 10110 1500000000 2000000000 368814138 123979638
0b002801 0b03d701 10000 9830 1500000000 2000000000 368814138 123979638
0b000001 0b03ff01 10000 10230 1500000000 2000000000 368814155 123979638
0b007b01 0b038401 10000 9000 1500000000 2000000000 368814155 123979638
0b006b01 0b039401 10000 9160 1500000000 2000000000 368814155 123979638
0b014d01 0b02b201 10000 6900 1500000000 2000000000 368814155 123979638
0b01fd01 0b020201 10000 5140 1500000000 2000000000 368814155 123979638
0b01c201 0b023d01 10000 5730 1500000000 2000000000 368814155 123979638
0b002a01 0b03d501 10000 9810 1500000000 2000000000 368814172 123979638
0b001801 0b03e701 10000 9990 1500000000 2000000000 368814240 123979638
0b003c01 0b03c301 10000 9630 1500000000 2000000000 368814240 123979638
0b000201 0b03fd01 10000 10210 1500000000 2000000000 368814257 123979638
0b007d01 0b038201 10000 8980 1500000000 2000000000 368814257 123979638
0b006d01 0b039201 10000 9140 1500000000 2000000000 368814257 123979638
0b014f01 0b02b001 10000 6880 1500000000 2000000000 368814257 123979638
0b01fe01 0b020101 10000 5130 1500000000 2000000000 368814257 123979638
0b01c401 0b023b01 10000 5710 1500000000 2000000000 368814257 123979638
0b002e01 0b03d101 10000 9770 1500000000 2000000000 368814274 123979638
0b01a501 0b025a01 10000 6020 1500000000 2000000000 368814274 123979638
0b011d01 0b02e201 10000 7380 1500000000 2000000000 368814274 123979638
0b011501 0b02ea01 10000 7460 1500000000 2000000000 368814274 123979638
0b01b301 0b024c01 10000 5880 1500000000 2000000000 368814274 123979638
0b003501 0b03ca01 10000 9700 1500000000 2000000000 368814274 123979638
0b009b01 0b036401 10000 8680 1500000000 2000000000 368814274 123979638
0b00e801 0b031701 10000 7910 1500000000 2000000000 368814274 123979638
0b01b801 0b024701 10000 5830 1500000000 2000000000 368814278 123979638
0b002f01 0b03d001 10000 9760 1500000000 2000000000 368814376 123979638
0b01b701 0b024801 10000 5840 1500000000 2000000000 368814393 123979638
0b01ea01 0b021501 10000 5330 1500000000 2000000000 368816416 123979638
0b010f01 0b02f001 10000 7520 1500000000 2000000000 368816416 123979638
0b008501 0b037a01 10000 8900 1500000000 2000000000 368816416 123979638
0b012501 0b02da01 10000 7300 1500000000 2000000000 368816416 123979638
0b017301 0b028c01 10000 6520 1500000000 2000000000 368816416 123979638
0b01f901 0b020601 10000 5180 1500000000 2000000000 368816416 123979638
0b01e101 0b021e01 10000 5420 1500000000 2000000000 368816416 123979638
0b000401 0b03fb01 10000 10190 1500000000 2000000000 368816654 123979638
0b01c901 0b023601 10000 5660 1500000000 2000000000 368816654 123979638
0b018301 0b027c01 10000 6360 1500000000 2000000000 368818320 123979638
0b018001 0b027f01 10000 6390 1500000000 2000000000 368818422 123979638
0b015c01 0b02a301 10000 6750 1500000000 2000000000 368819510 123979638
0b009c01 0b036301 10000 8670 1500000000 2000000000 368819629 123979638
0b002601 0b03d901 10000 9850 1500000000 2000000000 368819629 123979638
0b006f01 0b039001 10000 9120 1500000000 2000000000 368819748 123979638
0b01ee01 0b021101 10000 5290 1500000000 2000000000 368820819 123979638
0b004101 0b03be01 10000 9580 1500000000 2000000000 368820819 123979638
0b00fc01 0b030301 10000 7710 1500000000 2000000000 368822366 123979638
0b00f801 0b030701 10000 7750 1500000000 2000000000 368823794 123979638
0b00f901 0b030601 10000 7740 1500000000 2000000000 368823896 123979638
0b00ec01 0b031301 10000 7870 1500000000 2000000000 368824984 123979638
0b013a01 0b02c501 10000 7090 1500000000 2000000000 368902946 123979638
0b013d01 0b02c201 10000 7060 1500000000 2000000000 368907349 123979638
0b016501 0b029a01 10000 6660 1500000000 2000000000 373131016 123979638
0b00d701 0b032801 10000 8080 1500000000 2000000000 373460527 123979638
0b00b201 0b034d01 10000 8450 1500000000 2000000000 383936216 123979638
0b00b601 0b034901 10000 8410 1500000000 2000000000 387117545 123979638
0b015401 0b02ab01 10000 6830 1500000000 2000000000 483508497 123979638
0b015e01 0b02a101 10000 6730 1500000000 2000000000 483508718 123979638
0b014c01 0b02b301 10000 6910 1500000000 2000000000 483511353 123979638
0b017401 0b028b01 10000 6510 1500000000 2000000000 486741489 123979638
0b01f501 0b020a01 10000 5220 1500000000 2000000000 488297312 123979638
0b01f601 0b020901 10000 5210 1500000000 2000000000 488297414 123979638
0b01e301 0b021c01 10000 5400 1500000000 2000000000 488457826 123979638
0b01f301 0b020c01 10000 5240 1500000000 2000000000 488458047 123979638
0b01ce01 0b023101 10000 5610 1500000000 2000000000 488538151 123979638
0b01dd01 0b022201 10000 5460 1500000000 2000000000 488538253 123979638
0b01ff01 0b020001 10000 5120 1500000000 2000000000 488538474 123979638
0b01d101 0b022e01 10000 5580 1500000000 2000000000 488600711 123979638
0b01f001 0b020f01 10000 5270 1500000000 2000000000 488753405 123979638
0b014301 0b02bc01 10000 7000 1500000000 2000000000 489215244 123979638
0b014401 0b02bb01 10000 6990 1500000000 2000000000 489215346 123979638
0b014201 0b02bd01 10000 7010 1500000000 2000000000 491731754 123979638
0b017501 0b028a01 10000 6500 1500000000 2000000000 491746510 123979638
0b017701 0b028801 10000 6480 1500000000 2000000000 491746714 123979638
0b016f01 0b029001 10000 6560 1500000000 2000000000 491748159 123979638
0b015301 0b02ac01 10000 6840 1500000000 2000000000 491748159 123979638
0b01e901 0b021601 10000 5340 1500000000 2000000000 491748159 123979638
0b01c301 0b023c01 10000 5720 1500000000 2000000000 491748159 123979638
0b016701 0b029801 10000 6640 1500000000 2000000000 491748278 123979638
0b01f101 0b020e01 10000 5260 1500000000 2000000000 491749468 123979638
0b01b001 0b024f01 10000 5910 1500000000 2000000000 613018101 123979638
0b018a01 0b027501 10000 6290 1500000000 2000000000 613136013 123979638
0b019101 0b026e01 10000 6220 1500000000 2000000000 613136353 123979638
0b01aa01 0b025501 10000 5970 1500000000 2000000000 613138597 123979638
0b012d01 0b02d201 10000 7220 1500000000 2000000000 614444911 123979638
0b012f01 0b02d001 10000 7200 1500000000 2000000000 614445013 123979638
0b011c01 0b02e301 10000 7390 1500000000 2000000000 614585569 123979638
0b010501 0b02fa01 10000 7620 1500000000 2000000000 614596500 123979638
0b013b01 0b02c401 10000 7080 1500000000 2000000000 614682044 123979638
0b01bf01 0b024001 10000 5760 1500000000 2000000000 614682044 123979638
