time: 2000000000
1024 1 1
1024 2 1
1024 3 1
1024 4 1
1024 5 1
1024 6 1
1024 7 1
1024 8 1
1024 9 1
1024 10 1
1024 11 1
1024 12 1
1024 13 1
1024 14 1
1024 15 1
1024 16 1
1025 1 1
1025 2 1
1025 3 1
1025 4 1
1025 5 1
1025 6 1
1025 7 1
1025 8 1
1025 9 1
1025 10 1
1025 11 1
1025 12 1
1025 13 1
1025 14 1
1025 15 1
1025 16 1
1026 1 1
1026 2 1
1026 3 1
1026 4 1
1026 5 1
1026 6 1
1026 7 1
1026 8 1
1026 9 1
1026 10 1
1026 11 1
1026 12 1
1026 13 1
1026 14 1
1026 15 1
1026 16 1
1027 1 1
1027 2 1
1027 3 1
1027 4 1
1027 5 1
1027 6 1
1027 7 1
1027 8 1
1027 9 1
1027 10 1
1027 11 1
1027 12 1
1027 13 1
1027 14 1
1027 15 1
1027 16 1
1028 1 1
1028 2 1
1028 3 1
1028 4 1
1028 5 1
1028 6 1
1028 7 1
1028 8 1
1028 9 1
1028 10 1
1028 11 1
1028 12 1
1028 13 1
1028 14 1
1028 15 1
1028 16 1
1029 1 1
1029 2 1
1029 3 1
1029 4 1
1029 5 1
1029 6 1
1029 7 1
1029 8 1
1029 9 1
1029 10 1
1029 11 1
1029 12 1
1029 13 1
1029 14 1
1029 15 1
1029 16 1
1030 1 1
1030 2 1
1030 3 1
1030 4 1
1030 5 1
1030 6 1
1030 7 1
1030 8 1
1030 9 1
1030 10 1
1030 11 1
1030 12 1
1030 13 1
1030 14 1
1030 15 1
1030 16 1
1031 1 1
1031 2 1
1031 3 1
1031 4 1
1031 5 1
1031 6 1
1031 7 1
1031 8 1
1031 9 1
1031 10 1
1031 11 1
1031 12 1
1031 13 1
1031 14 1
1031 15 1
1031 16 1
1032 1 1
1032 2 1
1032 3 1
1032 4 1
1032 5 1
1032 6 1
1032 7 1
1032 8 1
1032 9 1
1032 10 1
1032 11 1
1032 12 1
1032 13 1
1032 14 1
1032 15 1
1032 16 1
1033 1 1
1033 2 1
1033 3 1
1033 4 1
1033 5 1
1033 6 1
1033 7 1
1033 8 1
1033 9 1
1033 10 1
1033 11 1
1033 12 1
1033 13 1
1033 14 1
1033 15 1
1033 16 1
1034 1 1
1034 2 1
1034 3 1
1034 4 1
1034 5 1
1034 6 1
1034 7 1
1034 8 1
1034 9 1
1034 10 1
1034 11 1
1034 12 1
1034 13 1
1034 14 1
1034 15 1
1034 16 1
1035 1 1
1035 2 1
1035 3 1
1035 4 1
1035 5 1
1035 6 1
1035 7 1
1035 8 1
1035 9 1
1035 10 1
1035 11 1
1035 12 1
1035 13 1
1035 14 1
1035 15 1
1035 16 1
1036 1 1
1036 2 1
1036 3 1
1036 4 1
1036 5 1
1036 6 1
1036 7 1
1036 8 1
1036 9 1
1036 10 1
1036 11 1
1036 12 1
1036 13 1
1036 14 1
1036 15 1
1036 16 1
1037 1 1
1037 2 1
1037 3 1
1037 4 1
1037 5 1
1037 6 1
1037 7 1
1037 8 1
1037 9 1
1037 10 1
1037 11 1
1037 12 1
1037 13 1
1037 14 1
1037 15 1
1037 16 1
1038 1 1
1038 2 1
1038 3 1
1038 4 1
1038 5 1
1038 6 1
1038 7 1
1038 8 1
1038 9 1
1038 10 1
1038 11 1
1038 12 1
1038 13 1
1038 14 1
1038 15 1
1038 16 1
1039 1 1
1039 2 1
1039 3 1
1039 4 1
1039 5 1
1039 6 1
1039 7 1
1039 8 1
1039 9 1
1039 10 1
1039 11 1
1039 12 1
1039 13 1
1039 14 1
1039 15 1
1039 16 1
1040 1 1
1040 2 1
1040 3 1
1040 4 1
1040 5 1
1040 6 1
1040 7 1
1040 8 1
1040 9 1
1040 10 1
1040 11 1
1040 12 1
1040 13 1
1040 14 1
1040 15 1
1040 16 1
1041 1 1
1041 2 1
1041 3 1
1041 4 1
1041 5 1
1041 6 1
1041 7 1
1041 8 1
1041 9 1
1041 10 1
1041 11 1
1041 12 1
1041 13 1
1041 14 1
1041 15 1
1041 16 1
1042 1 1
1042 2 1
1042 3 1
1042 4 1
1042 5 1
1042 6 1
1042 7 1
1042 8 1
1042 9 1
1042 10 1
1042 11 1
1042 12 1
1042 13 1
1042 14 1
1042 15 1
1042 16 1
1043 1 1
1043 2 1
1043 3 1
1043 4 1
1043 5 1
1043 6 1
1043 7 1
1043 8 1
1043 9 1
1043 10 1
1043 11 1
1043 12 1
1043 13 1
1043 14 1
1043 15 1
1043 16 1
1044 1 1
1044 2 1
1044 3 1
1044 4 1
1044 5 1
1044 6 1
1044 7 1
1044 8 1
1044 9 1
1044 10 1
1044 11 1
1044 12 1
1044 13 1
1044 14 1
1044 15 1
1044 16 1
1045 1 1
1045 2 1
1045 3 1
1045 4 1
1045 5 1
1045 6 1
1045 7 1
1045 8 1
1045 9 1
1045 10 1
1045 11 1
1045 12 1
1045 13 1
1045 14 1
1045 15 1
1045 16 1
1046 1 1
1046 2 1
1046 3 1
1046 4 1
1046 5 1
1046 6 1
1046 7 1
1046 8 1
1046 9 1
1046 10 1
1046 11 1
1046 12 1
1046 13 1
1046 14 1
1046 15 1
1046 16 1
1047 1 1
1047 2 1
1047 3 1
1047 4 1
1047 5 1
1047 6 1
1047 7 1
1047 8 1
1047 9 1
1047 10 1
1047 11 1
1047 12 1
1047 13 1
1047 14 1
1047 15 1
1047 16 1
1048 1 1
1048 2 1
1048 3 1
1048 4 1
1048 5 1
1048 6 1
1048 7 1
1048 8 1
1048 9 1
1048 10 1
1048 11 1
1048 12 1
1048 13 1
1048 14 1
1048 15 1
1048 16 1
1049 1 1
1049 2 1
1049 3 1
1049 4 1
1049 5 1
1049 6 1
1049 7 1
1049 8 1
1049 9 1
1049 10 1
1049 11 1
1049 12 1
1049 13 1
1049 14 1
1049 15 1
1049 16 1
1050 1 1
1050 2 1
1050 3 1
1050 4 1
1050 5 1
1050 6 1
1050 7 1
1050 8 1
1050 9 1
1050 10 1
1050 11 1
1050 12 1
1050 13 1
1050 14 1
1050 15 1
1050 16 1
1051 1 1
1051 2 1
1051 3 1
1051 4 1
1051 5 1
1051 6 1
1051 7 1
1051 8 1
1051 9 1
1051 10 1
1051 11 1
1051 12 1
1051 13 1
1051 14 1
1051 15 1
1051 16 1
1052 1 1
1052 2 1
1052 3 1
1052 4 1
1052 5 1
1052 6 1
1052 7 1
1052 8 1
1052 9 1
1052 10 1
1052 11 1
1052 12 1
1052 13 1
1052 14 1
1052 15 1
1052 16 1
1053 1 1
1053 2 1
1053 3 1
1053 4 1
1053 5 1
1053 6 1
1053 7 1
1053 8 1
1053 9 1
1053 10 1
1053 11 1
1053 12 1
1053 13 1
1053 14 1
1053 15 1
1053 16 1
1054 1 1
1054 2 1
1054 3 1
1054 4 1
1054 5 1
1054 6 1
1054 7 1
1054 8 1
1054 9 1
1054 10 1
1054 11 1
1054 12 1
1054 13 1
1054 14 1
1054 15 1
1054 16 1
1055 1 1
1055 2 1
1055 3 1
1055 4 1
1055 5 1
1055 6 1
1055 7 1
1055 8 1
1055 9 1
1055 10 1
1055 11 1
1055 12 1
1055 13 1
1055 14 1
1055 15 1
1055 16 1
1056 1 1
1056 2 1
1056 3 1
1056 4 1
1056 5 1
1056 6 1
1056 7 1
1056 8 1
1056 9 1
1056 10 1
1056 11 1
1056 12 1
1056 13 1
1056 14 1
1056 15 1
1056 16 1
1057 1 1
1057 2 1
1057 3 1
1057 4 1
1057 5 1
1057 6 1
1057 7 1
1057 8 1
1057 9 1
1057 10 1
1057 11 1
1057 12 1
1057 13 1
1057 14 1
1057 15 1
1057 16 1
1058 1 1
1058 2 1
1058 3 1
1058 4 1
1058 5 1
1058 6 1
1058 7 1
1058 8 1
1058 9 1
1058 10 1
1058 11 1
1058 12 1
1058 13 1
1058 14 1
1058 15 1
1058 16 1
1059 1 1
1059 2 1
1059 3 1
1059 4 1
1059 5 1
1059 6 1
1059 7 1
1059 8 1
1059 9 1
1059 10 1
1059 11 1
1059 12 1
1059 13 1
1059 14 1
1059 15 1
1059 16 1
1060 1 1
1060 2 1
1060 3 1
1060 4 1
1060 5 1
1060 6 1
1060 7 1
1060 8 1
1060 9 1
1060 10 1
1060 11 1
1060 12 1
1060 13 1
1060 14 1
1060 15 1
1060 16 1
1061 1 1
1061 2 1
1061 3 1
1061 4 1
1061 5 1
1061 6 1
1061 7 1
1061 8 1
1061 9 1
1061 10 1
1061 11 1
1061 12 1
1061 13 1
1061 14 1
1061 15 1
1061 16 1
1062 1 1
1062 2 1
1062 3 1
1062 4 1
1062 5 1
1062 6 1
1062 7 1
1062 8 1
1062 9 1
1062 10 1
1062 11 1
1062 12 1
1062 13 1
1062 14 1
1062 15 1
1062 16 1
1063 1 1
1063 2 1
1063 3 1
1063 4 1
1063 5 1
1063 6 1
1063 7 1
1063 8 1
1063 9 1
1063 10 1
1063 11 1
1063 12 1
1063 13 1
1063 14 1
1063 15 1
1063 16 1
1064 1 1
1064 2 1
1064 3 1
1064 4 1
1064 5 1
1064 6 1
1064 7 1
1064 8 1
1064 9 1
1064 10 1
1064 11 1
1064 12 1
1064 13 1
1064 14 1
1064 15 1
1064 16 1
1065 1 1
1065 2 1
1065 3 1
1065 4 1
1065 5 1
1065 6 1
1065 7 1
1065 8 1
1065 9 1
1065 10 1
1065 11 1
1065 12 1
1065 13 1
1065 14 1
1065 15 1
1065 16 1
1066 1 1
1066 2 1
1066 3 1
1066 4 1
1066 5 1
1066 6 1
1066 7 1
1066 8 1
1066 9 1
1066 10 1
1066 11 1
1066 12 1
1066 13 1
1066 14 1
1066 15 1
1066 16 1
1067 1 1
1067 2 1
1067 3 1
1067 4 1
1067 5 1
1067 6 1
1067 7 1
1067 8 1
1067 9 1
1067 10 1
1067 11 1
1067 12 1
1067 13 1
1067 14 1
1067 15 1
1067 16 1
1068 1 1
1068 2 1
1068 3 1
1068 4 1
1068 5 1
1068 6 1
1068 7 1
1068 8 1
1068 9 1
1068 10 1
1068 11 1
1068 12 1
1068 13 1
1068 14 1
1068 15 1
1068 16 1
1069 1 1
1069 2 1
1069 3 1
1069 4 1
1069 5 1
1069 6 1
1069 7 1
1069 8 1
1069 9 1
1069 10 1
1069 11 1
1069 12 1
1069 13 1
1069 14 1
1069 15 1
1069 16 1
1070 1 1
1070 2 1
1070 3 1
1070 4 1
1070 5 1
1070 6 1
1070 7 1
1070 8 1
1070 9 1
1070 10 1
1070 11 1
1070 12 1
1070 13 1
1070 14 1
1070 15 1
1070 16 1
1071 1 1
1071 2 1
1071 3 1
1071 4 1
1071 5 1
1071 6 1
1071 7 1
1071 8 1
1071 9 1
1071 10 1
1071 11 1
1071 12 1
1071 13 1
1071 14 1
1071 15 1
1071 16 1
1072 1 1
1072 2 1
1072 3 1
1072 4 1
1072 5 1
1072 6 1
1072 7 1
1072 8 1
1072 9 1
1072 10 1
1072 11 1
1072 12 1
1072 13 1
1072 14 1
1072 15 1
1072 16 1
1073 1 1
1073 2 1
1073 3 1
1073 4 1
1073 5 1
1073 6 1
1073 7 1
1073 8 1
1073 9 1
1073 10 1
1073 11 1
1073 12 1
1073 13 1
1073 14 1
1073 15 1
1073 16 1
1074 1 1
1074 2 1
1074 3 1
1074 4 1
1074 5 1
1074 6 1
1074 7 1
1074 8 1
1074 9 1
1074 10 1
1074 11 1
1074 12 1
1074 13 1
1074 14 1
1074 15 1
1074 16 1
1075 1 1
1075 2 1
1075 3 1
1075 4 1
1075 5 1
1075 6 1
1075 7 1
1075 8 1
1075 9 1
1075 10 1
1075 11 1
1075 12 1
1075 13 1
1075 14 1
1075 15 1
1075 16 1
1076 1 1
1076 2 1
1076 3 1
1076 4 1
1076 5 1
1076 6 1
1076 7 1
1076 8 1
1076 9 1
1076 10 1
1076 11 1
1076 12 1
1076 13 1
1076 14 1
1076 15 1
1076 16 1
1077 1 1
1077 2 1
1077 3 1
1077 4 1
1077 5 1
1077 6 1
1077 7 1
1077 8 1
1077 9 1
1077 10 1
1077 11 1
1077 12 1
1077 13 1
1077 14 1
1077 15 1
1077 16 1
1078 1 1
1078 2 1
1078 3 1
1078 4 1
1078 5 1
1078 6 1
1078 7 1
1078 8 1
1078 9 1
1078 10 1
1078 11 1
1078 12 1
1078 13 1
1078 14 1
1078 15 1
1078 16 1
1079 1 1
1079 2 1
1079 3 1
1079 4 1
1079 5 1
1079 6 1
1079 7 1
1079 8 1
1079 9 1
1079 10 1
1079 11 1
1079 12 1
1079 13 1
1079 14 1
1079 15 1
1079 16 1
1080 1 1
1080 2 1
1080 3 1
1080 4 1
1080 5 1
1080 6 1
1080 7 1
1080 8 1
1080 9 1
1080 10 1
1080 11 1
1080 12 1
1080 13 1
1080 14 1
1080 15 1
1080 16 1
1081 1 1
1081 2 1
1081 3 1
1081 4 1
1081 5 1
1081 6 1
1081 7 1
1081 8 1
1081 9 1
1081 10 1
1081 11 1
1081 12 1
1081 13 1
1081 14 1
1081 15 1
1081 16 1
1082 1 1
1082 2 1
1082 3 1
1082 4 1
1082 5 1
1082 6 1
1082 7 1
1082 8 1
1082 9 1
1082 10 1
1082 11 1
1082 12 1
1082 13 1
1082 14 1
1082 15 1
1082 16 1
1083 1 1
1083 2 1
1083 3 1
1083 4 1
1083 5 1
1083 6 1
1083 7 1
1083 8 1
1083 9 1
1083 10 1
1083 11 1
1083 12 1
1083 13 1
1083 14 1
1083 15 1
1083 16 1
1084 1 1
1084 2 1
1084 3 1
1084 4 1
1084 5 1
1084 6 1
1084 7 1
1084 8 1
1084 9 1
1084 10 1
1084 11 1
1084 12 1
1084 13 1
1084 14 1
1084 15 1
1084 16 1
1085 1 1
1085 2 1
1085 3 1
1085 4 1
1085 5 1
1085 6 1
1085 7 1
1085 8 1
1085 9 1
1085 10 1
1085 11 1
1085 12 1
1085 13 1
1085 14 1
1085 15 1
1085 16 1
1086 1 1
1086 2 1
1086 3 1
1086 4 1
1086 5 1
1086 6 1
1086 7 1
1086 8 1
1086 9 1
1086 10 1
1086 11 1
1086 12 1
1086 13 1
1086 14 1
1086 15 1
1086 16 1
1087 1 1
1087 2 1
1087 3 1
1087 4 1
1087 5 1
1087 6 1
1087 7 1
1087 8 1
1087 9 1
1087 10 1
1087 11 1
1087 12 1
1087 13 1
1087 14 1
1087 15 1
1087 16 1
1088 1 1
1088 2 1
1088 3 1
1088 4 1
1088 5 1
1088 6 1
1088 7 1
1088 8 1
1088 9 1
1088 10 1
1088 11 1
1088 12 1
1088 13 1
1088 14 1
1088 15 1
1088 16 1
1089 1 1
1089 2 1
1089 3 1
1089 4 1
1089 5 1
1089 6 1
1089 7 1
1089 8 1
1089 9 1
1089 10 1
1089 11 1
1089 12 1
1089 13 1
1089 14 1
1089 15 1
1089 16 1
1090 1 1
1090 2 1
1090 3 1
1090 4 1
1090 5 1
1090 6 1
1090 7 1
1090 8 1
1090 9 1
1090 10 1
1090 11 1
1090 12 1
1090 13 1
1090 14 1
1090 15 1
1090 16 1
1091 1 1
1091 2 1
1091 3 1
1091 4 1
1091 5 1
1091 6 1
1091 7 1
1091 8 1
1091 9 1
1091 10 1
1091 11 1
1091 12 1
1091 13 1
1091 14 1
1091 15 1
1091 16 1
1092 1 1
1092 2 1
1092 3 1
1092 4 1
1092 5 1
1092 6 1
1092 7 1
1092 8 1
1092 9 1
1092 10 1
1092 11 1
1092 12 1
1092 13 1
1092 14 1
1092 15 1
1092 16 1
1093 1 1
1093 2 1
1093 3 1
1093 4 1
1093 5 1
1093 6 1
1093 7 1
1093 8 1
1093 9 1
1093 10 1
1093 11 1
1093 12 1
1093 13 1
1093 14 1
1093 15 1
1093 16 1
1094 1 1
1094 2 1
1094 3 1
1094 4 1
1094 5 1
1094 6 1
1094 7 1
1094 8 1
1094 9 1
1094 10 1
1094 11 1
1094 12 1
1094 13 1
1094 14 1
1094 15 1
1094 16 1
1095 1 1
1095 2 1
1095 3 1
1095 4 1
1095 5 1
1095 6 1
1095 7 1
1095 8 1
1095 9 1
1095 10 1
1095 11 1
1095 12 1
1095 13 1
1095 14 1
1095 15 1
1095 16 1
1096 1 1
1096 2 1
1096 3 1
1096 4 1
1096 5 1
1096 6 1
1096 7 1
1096 8 1
1096 9 1
1096 10 1
1096 11 1
1096 12 1
1096 13 1
1096 14 1
1096 15 1
1096 16 1
1097 1 1
1097 2 1
1097 3 1
1097 4 1
1097 5 1
1097 6 1
1097 7 1
1097 8 1
1097 9 1
1097 10 1
1097 11 1
1097 12 1
1097 13 1
1097 14 1
1097 15 1
1097 16 1
1098 1 1
1098 2 1
1098 3 1
1098 4 1
1098 5 1
1098 6 1
1098 7 1
1098 8 1
1098 9 1
1098 10 1
1098 11 1
1098 12 1
1098 13 1
1098 14 1
1098 15 1
1098 16 1
1099 1 1
1099 2 1
1099 3 1
1099 4 1
1099 5 1
1099 6 1
1099 7 1
1099 8 1
1099 9 1
1099 10 1
1099 11 1
1099 12 1
1099 13 1
1099 14 1
1099 15 1
1099 16 1
1100 1 1
1100 2 1
1100 3 1
1100 4 1
1100 5 1
1100 6 1
1100 7 1
1100 8 1
1100 9 1
1100 10 1
1100 11 1
1100 12 1
1100 13 1
1100 14 1
1100 15 1
1100 16 1
1101 1 1
1101 2 1
1101 3 1
1101 4 1
1101 5 1
1101 6 1
1101 7 1
1101 8 1
1101 9 1
1101 10 1
1101 11 1
1101 12 1
1101 13 1
1101 14 1
1101 15 1
1101 16 1
1102 1 1
1102 2 1
1102 3 1
1102 4 1
1102 5 1
1102 6 1
1102 7 1
1102 8 1
1102 9 1
1102 10 1
1102 11 1
1102 12 1
1102 13 1
1102 14 1
1102 15 1
1102 16 1
1103 1 1
1103 2 1
1103 3 1
1103 4 1
1103 5 1
1103 6 1
1103 7 1
1103 8 1
1103 9 1
1103 10 1
1103 11 1
1103 12 1
1103 13 1
1103 14 1
1103 15 1
1103 16 1
1104 1 1
1104 2 1
1104 3 1
1104 4 1
1104 5 1
1104 6 1
1104 7 1
1104 8 1
1104 9 1
1104 10 1
1104 11 1
1104 12 1
1104 13 1
1104 14 1
1104 15 1
1104 16 1
1105 1 1
1105 2 1
1105 3 1
1105 4 1
1105 5 1
1105 6 1
1105 7 1
1105 8 1
1105 9 1
1105 10 1
1105 11 1
1105 12 1
1105 13 1
1105 14 1
1105 15 1
1105 16 1
1106 1 1
1106 2 1
1106 3 1
1106 4 1
1106 5 1
1106 6 1
1106 7 1
1106 8 1
1106 9 1
1106 10 1
1106 11 1
1106 12 1
1106 13 1
1106 14 1
1106 15 1
1106 16 1
1107 1 1
1107 2 1
1107 3 1
1107 4 1
1107 5 1
1107 6 1
1107 7 1
1107 8 1
1107 9 1
1107 10 1
1107 11 1
1107 12 1
1107 13 1
1107 14 1
1107 15 1
1107 16 1
1108 1 1
1108 2 1
1108 3 1
1108 4 1
1108 5 1
1108 6 1
1108 7 1
1108 8 1
1108 9 1
1108 10 1
1108 11 1
1108 12 1
1108 13 1
1108 14 1
1108 15 1
1108 16 1
1109 1 1
1109 2 1
1109 3 1
1109 4 1
1109 5 1
1109 6 1
1109 7 1
1109 8 1
1109 9 1
1109 10 1
1109 11 1
1109 12 1
1109 13 1
1109 14 1
1109 15 1
1109 16 1
1110 1 1
1110 2 1
1110 3 1
1110 4 1
1110 5 1
1110 6 1
1110 7 1
1110 8 1
1110 9 1
1110 10 1
1110 11 1
1110 12 1
1110 13 1
1110 14 1
1110 15 1
1110 16 1
1111 1 1
1111 2 1
1111 3 1
1111 4 1
1111 5 1
1111 6 1
1111 7 1
1111 8 1
1111 9 1
1111 10 1
1111 11 1
1111 12 1
1111 13 1
1111 14 1
1111 15 1
1111 16 1
1112 1 1
1112 2 1
1112 3 1
1112 4 1
1112 5 1
1112 6 1
1112 7 1
1112 8 1
1112 9 1
1112 10 1
1112 11 1
1112 12 1
1112 13 1
1112 14 1
1112 15 1
1112 16 1
1113 1 1
1113 2 1
1113 3 1
1113 4 1
1113 5 1
1113 6 1
1113 7 1
1113 8 1
1113 9 1
1113 10 1
1113 11 1
1113 12 1
1113 13 1
1113 14 1
1113 15 1
1113 16 1
1114 1 1
1114 2 1
1114 3 1
1114 4 1
1114 5 1
1114 6 1
1114 7 1
1114 8 1
1114 9 1
1114 10 1
1114 11 1
1114 12 1
1114 13 1
1114 14 1
1114 15 1
1114 16 1
1115 1 1
1115 2 1
1115 3 1
1115 4 1
1115 5 1
1115 6 1
1115 7 1
1115 8 1
1115 9 1
1115 10 1
1115 11 1
1115 12 1
1115 13 1
1115 14 1
1115 15 1
1115 16 1
1116 1 1
1116 2 1
1116 3 1
1116 4 1
1116 5 1
1116 6 1
1116 7 1
1116 8 1
1116 9 1
1116 10 1
1116 11 1
1116 12 1
1116 13 1
1116 14 1
1116 15 1
1116 16 1
1117 1 1
1117 2 1
1117 3 1
1117 4 1
1117 5 1
1117 6 1
1117 7 1
1117 8 1
1117 9 1
1117 10 1
1117 11 1
1117 12 1
1117 13 1
1117 14 1
1117 15 1
1117 16 1
1118 1 1
1118 2 1
1118 3 1
1118 4 1
1118 5 1
1118 6 1
1118 7 1
1118 8 1
1118 9 1
1118 10 1
1118 11 1
1118 12 1
1118 13 1
1118 14 1
1118 15 1
1118 16 1
1119 1 1
1119 2 1
1119 3 1
1119 4 1
1119 5 1
1119 6 1
1119 7 1
1119 8 1
1119 9 1
1119 10 1
1119 11 1
1119 12 1
1119 13 1
1119 14 1
1119 15 1
1119 16 1
1120 1 1
1120 2 1
1120 3 1
1120 4 1
1120 5 1
1120 6 1
1120 7 1
1120 8 1
1120 9 1
1120 10 1
1120 11 1
1120 12 1
1120 13 1
1120 14 1
1120 15 1
1120 16 1
1121 1 1
1121 2 1
1121 3 1
1121 4 1
1121 5 1
1121 6 1
1121 7 1
1121 8 1
1121 9 1
1121 10 1
1121 11 1
1121 12 1
1121 13 1
1121 14 1
1121 15 1
1121 16 1
1122 1 1
1122 2 1
1122 3 1
1122 4 1
1122 5 1
1122 6 1
1122 7 1
1122 8 1
1122 9 1
1122 10 1
1122 11 1
1122 12 1
1122 13 1
1122 14 1
1122 15 1
1122 16 1
1123 1 1
1123 2 1
1123 3 1
1123 4 1
1123 5 1
1123 6 1
1123 7 1
1123 8 1
1123 9 1
1123 10 1
1123 11 1
1123 12 1
1123 13 1
1123 14 1
1123 15 1
1123 16 1
1124 1 1
1124 2 1
1124 3 1
1124 4 1
1124 5 1
1124 6 1
1124 7 1
1124 8 1
1124 9 1
1124 10 1
1124 11 1
1124 12 1
1124 13 1
1124 14 1
1124 15 1
1124 16 1
1125 1 1
1125 2 1
1125 3 1
1125 4 1
1125 5 1
1125 6 1
1125 7 1
1125 8 1
1125 9 1
1125 10 1
1125 11 1
1125 12 1
1125 13 1
1125 14 1
1125 15 1
1125 16 1
1126 1 1
1126 2 1
1126 3 1
1126 4 1
1126 5 1
1126 6 1
1126 7 1
1126 8 1
1126 9 1
1126 10 1
1126 11 1
1126 12 1
1126 13 1
1126 14 1
1126 15 1
1126 16 1
1127 1 1
1127 2 1
1127 3 1
1127 4 1
1127 5 1
1127 6 1
1127 7 1
1127 8 1
1127 9 1
1127 10 1
1127 11 1
1127 12 1
1127 13 1
1127 14 1
1127 15 1
1127 16 1
1128 1 1
1128 2 1
1128 3 1
1128 4 1
1128 5 1
1128 6 1
1128 7 1
1128 8 1
1128 9 1
1128 10 1
1128 11 1
1128 12 1
1128 13 1
1128 14 1
1128 15 1
1128 16 1
1129 1 1
1129 2 1
1129 3 1
1129 4 1
1129 5 1
1129 6 1
1129 7 1
1129 8 1
1129 9 1
1129 10 1
1129 11 1
1129 12 1
1129 13 1
1129 14 1
1129 15 1
1129 16 1
1130 1 1
1130 2 1
1130 3 1
1130 4 1
1130 5 1
1130 6 1
1130 7 1
1130 8 1
1130 9 1
1130 10 1
1130 11 1
1130 12 1
1130 13 1
1130 14 1
1130 15 1
1130 16 1
1131 1 1
1131 2 1
1131 3 1
1131 4 1
1131 5 1
1131 6 1
1131 7 1
1131 8 1
1131 9 1
1131 10 1
1131 11 1
1131 12 1
1131 13 1
1131 14 1
1131 15 1
1131 16 1
1132 1 1
1132 2 1
1132 3 1
1132 4 1
1132 5 1
1132 6 1
1132 7 1
1132 8 1
1132 9 1
1132 10 1
1132 11 1
1132 12 1
1132 13 1
1132 14 1
1132 15 1
1132 16 1
1133 1 1
1133 2 1
1133 3 1
1133 4 1
1133 5 1
1133 6 1
1133 7 1
1133 8 1
1133 9 1
1133 10 1
1133 11 1
1133 12 1
1133 13 1
1133 14 1
1133 15 1
1133 16 1
1134 1 1
1134 2 1
1134 3 1
1134 4 1
1134 5 1
1134 6 1
1134 7 1
1134 8 1
1134 9 1
1134 10 1
1134 11 1
1134 12 1
1134 13 1
1134 14 1
1134 15 1
1134 16 1
1135 1 1
1135 2 1
1135 3 1
1135 4 1
1135 5 1
1135 6 1
1135 7 1
1135 8 1
1135 9 1
1135 10 1
1135 11 1
1135 12 1
1135 13 1
1135 14 1
1135 15 1
1135 16 1
1136 1 1
1136 2 1
1136 3 1
1136 4 1
1136 5 1
1136 6 1
1136 7 1
1136 8 1
1136 9 1
1136 10 1
1136 11 1
1136 12 1
1136 13 1
1136 14 1
1136 15 1
1136 16 1
1137 1 1
1137 2 1
1137 3 1
1137 4 1
1137 5 1
1137 6 1
1137 7 1
1137 8 1
1137 9 1
1137 10 1
1137 11 1
1137 12 1
1137 13 1
1137 14 1
1137 15 1
1137 16 1
1138 1 1
1138 2 1
1138 3 1
1138 4 1
1138 5 1
1138 6 1
1138 7 1
1138 8 1
1138 9 1
1138 10 1
1138 11 1
1138 12 1
1138 13 1
1138 14 1
1138 15 1
1138 16 1
1139 1 1
1139 2 1
1139 3 1
1139 4 1
1139 5 1
1139 6 1
1139 7 1
1139 8 1
1139 9 1
1139 10 1
1139 11 1
1139 12 1
1139 13 1
1139 14 1
1139 15 1
1139 16 1
1140 1 1
1140 2 1
1140 3 1
1140 4 1
1140 5 1
1140 6 1
1140 7 1
1140 8 1
1140 9 1
1140 10 1
1140 11 1
1140 12 1
1140 13 1
1140 14 1
1140 15 1
1140 16 1
1141 1 1
1141 2 1
1141 3 1
1141 4 1
1141 5 1
1141 6 1
1141 7 1
1141 8 1
1141 9 1
1141 10 1
1141 11 1
1141 12 1
1141 13 1
1141 14 1
1141 15 1
1141 16 1
1142 1 1
1142 2 1
1142 3 1
1142 4 1
1142 5 1
1142 6 1
1142 7 1
1142 8 1
1142 9 1
1142 10 1
1142 11 1
1142 12 1
1142 13 1
1142 14 1
1142 15 1
1142 16 1
1143 1 1
1143 2 1
1143 3 1
1143 4 1
1143 5 1
1143 6 1
1143 7 1
1143 8 1
1143 9 1
1143 10 1
1143 11 1
1143 12 1
1143 13 1
1143 14 1
1143 15 1
1143 16 1
1144 1 1
1144 2 1
1144 3 1
1144 4 1
1144 5 1
1144 6 1
1144 7 1
1144 8 1
1144 9 1
1144 10 1
1144 11 1
1144 12 1
1144 13 1
1144 14 1
1144 15 1
1144 16 1
1145 1 1
1145 2 1
1145 3 1
1145 4 1
1145 5 1
1145 6 1
1145 7 1
1145 8 1
1145 9 1
1145 10 1
1145 11 1
1145 12 1
1145 13 1
1145 14 1
1145 15 1
1145 16 1
1146 1 1
1146 2 1
1146 3 1
1146 4 1
1146 5 1
1146 6 1
1146 7 1
1146 8 1
1146 9 1
1146 10 1
1146 11 1
1146 12 1
1146 13 1
1146 14 1
1146 15 1
1146 16 1
1147 1 1
1147 2 1
1147 3 1
1147 4 1
1147 5 1
1147 6 1
1147 7 1
1147 8 1
1147 9 1
1147 10 1
1147 11 1
1147 12 1
1147 13 1
1147 14 1
1147 15 1
1147 16 1
1148 1 1
1148 2 1
1148 3 1
1148 4 1
1148 5 1
1148 6 1
1148 7 1
1148 8 1
1148 9 1
1148 10 1
1148 11 1
1148 12 1
1148 13 1
1148 14 1
1148 15 1
1148 16 1
1149 1 1
1149 2 1
1149 3 1
1149 4 1
1149 5 1
1149 6 1
1149 7 1
1149 8 1
1149 9 1
1149 10 1
1149 11 1
1149 12 1
1149 13 1
1149 14 1
1149 15 1
1149 16 1
1150 1 1
1150 2 1
1150 3 1
1150 4 1
1150 5 1
1150 6 1
1150 7 1
1150 8 1
1150 9 1
1150 10 1
1150 11 1
1150 12 1
1150 13 1
1150 14 1
1150 15 1
1150 16 1
1151 1 1
1151 2 1
1151 3 1
1151 4 1
1151 5 1
1151 6 1
1151 7 1
1151 8 1
1151 9 1
1151 10 1
1151 11 1
1151 12 1
1151 13 1
1151 14 1
1151 15 1
1151 16 1
1152 1 1
1152 2 1
1152 3 1
1152 4 1
1152 5 1
1152 6 1
1152 7 1
1152 8 1
1152 9 1
1152 10 1
1152 11 1
1152 12 1
1152 13 1
1152 14 1
1152 15 1
1152 16 1
1153 1 1
1153 2 1
1153 3 1
1153 4 1
1153 5 1
1153 6 1
1153 7 1
1153 8 1
1153 9 1
1153 10 1
1153 11 1
1153 12 1
1153 13 1
1153 14 1
1153 15 1
1153 16 1
1154 1 1
1154 2 1
1154 3 1
1154 4 1
1154 5 1
1154 6 1
1154 7 1
1154 8 1
1154 9 1
1154 10 1
1154 11 1
1154 12 1
1154 13 1
1154 14 1
1154 15 1
1154 16 1
1155 1 1
1155 2 1
1155 3 1
1155 4 1
1155 5 1
1155 6 1
1155 7 1
1155 8 1
1155 9 1
1155 10 1
1155 11 1
1155 12 1
1155 13 1
1155 14 1
1155 15 1
1155 16 1
1156 1 1
1156 2 1
1156 3 1
1156 4 1
1156 5 1
1156 6 1
1156 7 1
1156 8 1
1156 9 1
1156 10 1
1156 11 1
1156 12 1
1156 13 1
1156 14 1
1156 15 1
1156 16 1
1157 1 1
1157 2 1
1157 3 1
1157 4 1
1157 5 1
1157 6 1
1157 7 1
1157 8 1
1157 9 1
1157 10 1
1157 11 1
1157 12 1
1157 13 1
1157 14 1
1157 15 1
1157 16 1
1158 1 1
1158 2 1
1158 3 1
1158 4 1
1158 5 1
1158 6 1
1158 7 1
1158 8 1
1158 9 1
1158 10 1
1158 11 1
1158 12 1
1158 13 1
1158 14 1
1158 15 1
1158 16 1
1159 1 1
1159 2 1
1159 3 1
1159 4 1
1159 5 1
1159 6 1
1159 7 1
1159 8 1
1159 9 1
1159 10 1
1159 11 1
1159 12 1
1159 13 1
1159 14 1
1159 15 1
1159 16 1
1160 1 1
1160 2 1
1160 3 1
1160 4 1
1160 5 1
1160 6 1
1160 7 1
1160 8 1
1160 9 1
1160 10 1
1160 11 1
1160 12 1
1160 13 1
1160 14 1
1160 15 1
1160 16 1
1161 1 1
1161 2 1
1161 3 1
1161 4 1
1161 5 1
1161 6 1
1161 7 1
1161 8 1
1161 9 1
1161 10 1
1161 11 1
1161 12 1
1161 13 1
1161 14 1
1161 15 1
1161 16 1
1162 1 1
1162 2 1
1162 3 1
1162 4 1
1162 5 1
1162 6 1
1162 7 1
1162 8 1
1162 9 1
1162 10 1
1162 11 1
1162 12 1
1162 13 1
1162 14 1
1162 15 1
1162 16 1
1163 1 1
1163 2 1
1163 3 1
1163 4 1
1163 5 1
1163 6 1
1163 7 1
1163 8 1
1163 9 1
1163 10 1
1163 11 1
1163 12 1
1163 13 1
1163 14 1
1163 15 1
1163 16 1
1164 1 1
1164 2 1
1164 3 1
1164 4 1
1164 5 1
1164 6 1
1164 7 1
1164 8 1
1164 9 1
1164 10 1
1164 11 1
1164 12 1
1164 13 1
1164 14 1
1164 15 1
1164 16 1
1165 1 1
1165 2 1
1165 3 1
1165 4 1
1165 5 1
1165 6 1
1165 7 1
1165 8 1
1165 9 1
1165 10 1
1165 11 1
1165 12 1
1165 13 1
1165 14 1
1165 15 1
1165 16 1
1166 1 1
1166 2 1
1166 3 1
1166 4 1
1166 5 1
1166 6 1
1166 7 1
1166 8 1
1166 9 1
1166 10 1
1166 11 1
1166 12 1
1166 13 1
1166 14 1
1166 15 1
1166 16 1
1167 1 1
1167 2 1
1167 3 1
1167 4 1
1167 5 1
1167 6 1
1167 7 1
1167 8 1
1167 9 1
1167 10 1
1167 11 1
1167 12 1
1167 13 1
1167 14 1
1167 15 1
1167 16 1
1168 1 1
1168 2 1
1168 3 1
1168 4 1
1168 5 1
1168 6 1
1168 7 1
1168 8 1
1168 9 1
1168 10 1
1168 11 1
1168 12 1
1168 13 1
1168 14 1
1168 15 1
1168 16 1
1169 1 1
1169 2 1
1169 3 1
1169 4 1
1169 5 1
1169 6 1
1169 7 1
1169 8 1
1169 9 1
1169 10 1
1169 11 1
1169 12 1
1169 13 1
1169 14 1
1169 15 1
1169 16 1
1170 1 1
1170 2 1
1170 3 1
1170 4 1
1170 5 1
1170 6 1
1170 7 1
1170 8 1
1170 9 1
1170 10 1
1170 11 1
1170 12 1
1170 13 1
1170 14 1
1170 15 1
1170 16 1
1171 1 1
1171 2 1
1171 3 1
1171 4 1
1171 5 1
1171 6 1
1171 7 1
1171 8 1
1171 9 1
1171 10 1
1171 11 1
1171 12 1
1171 13 1
1171 14 1
1171 15 1
1171 16 1
1172 1 1
1172 2 1
1172 3 1
1172 4 1
1172 5 1
1172 6 1
1172 7 1
1172 8 1
1172 9 1
1172 10 1
1172 11 1
1172 12 1
1172 13 1
1172 14 1
1172 15 1
1172 16 1
1173 1 1
1173 2 1
1173 3 1
1173 4 1
1173 5 1
1173 6 1
1173 7 1
1173 8 1
1173 9 1
1173 10 1
1173 11 1
1173 12 1
1173 13 1
1173 14 1
1173 15 1
1173 16 1
1174 1 1
1174 2 1
1174 3 1
1174 4 1
1174 5 1
1174 6 1
1174 7 1
1174 8 1
1174 9 1
1174 10 1
1174 11 1
1174 12 1
1174 13 1
1174 14 1
1174 15 1
1174 16 1
1175 1 1
1175 2 1
1175 3 1
1175 4 1
1175 5 1
1175 6 1
1175 7 1
1175 8 1
1175 9 1
1175 10 1
1175 11 1
1175 12 1
1175 13 1
1175 14 1
1175 15 1
1175 16 1
1176 1 1
1176 2 1
1176 3 1
1176 4 1
1176 5 1
1176 6 1
1176 7 1
1176 8 1
1176 9 1
1176 10 1
1176 11 1
1176 12 1
1176 13 1
1176 14 1
1176 15 1
1176 16 1
1177 1 1
1177 2 1
1177 3 1
1177 4 1
1177 5 1
1177 6 1
1177 7 1
1177 8 1
1177 9 1
1177 10 1
1177 11 1
1177 12 1
1177 13 1
1177 14 1
1177 15 1
1177 16 1
1178 1 1
1178 2 1
1178 3 1
1178 4 1
1178 5 1
1178 6 1
1178 7 1
1178 8 1
1178 9 1
1178 10 1
1178 11 1
1178 12 1
1178 13 1
1178 14 1
1178 15 1
1178 16 1
1179 1 1
1179 2 1
1179 3 1
1179 4 1
1179 5 1
1179 6 1
1179 7 1
1179 8 1
1179 9 1
1179 10 1
1179 11 1
1179 12 1
1179 13 1
1179 14 1
1179 15 1
1179 16 1
1180 1 1
1180 2 1
1180 3 1
1180 4 1
1180 5 1
1180 6 1
1180 7 1
1180 8 1
1180 9 1
1180 10 1
1180 11 1
1180 12 1
1180 13 1
1180 14 1
1180 15 1
1180 16 1
1181 1 1
1181 2 1
1181 3 1
1181 4 1
1181 5 1
1181 6 1
1181 7 1
1181 8 1
1181 9 1
1181 10 1
1181 11 1
1181 12 1
1181 13 1
1181 14 1
1181 15 1
1181 16 1
1182 1 1
1182 2 1
1182 3 1
1182 4 1
1182 5 1
1182 6 1
1182 7 1
1182 8 1
1182 9 1
1182 10 1
1182 11 1
1182 12 1
1182 13 1
1182 14 1
1182 15 1
1182 16 1
1183 1 1
1183 2 1
1183 3 1
1183 4 1
1183 5 1
1183 6 1
1183 7 1
1183 8 1
1183 9 1
1183 10 1
1183 11 1
1183 12 1
1183 13 1
1183 14 1
1183 15 1
1183 16 1
1184 1 1
1184 2 1
1184 3 1
1184 4 1
1184 5 1
1184 6 1
1184 7 1
1184 8 1
1184 9 1
1184 10 1
1184 11 1
1184 12 1
1184 13 1
1184 14 1
1184 15 1
1184 16 1
1185 1 1
1185 2 1
1185 3 1
1185 4 1
1185 5 1
1185 6 1
1185 7 1
1185 8 1
1185 9 1
1185 10 1
1185 11 1
1185 12 1
1185 13 1
1185 14 1
1185 15 1
1185 16 1
1186 1 1
1186 2 1
1186 3 1
1186 4 1
1186 5 1
1186 6 1
1186 7 1
1186 8 1
1186 9 1
1186 10 1
1186 11 1
1186 12 1
1186 13 1
1186 14 1
1186 15 1
1186 16 1
1187 1 1
1187 2 1
1187 3 1
1187 4 1
1187 5 1
1187 6 1
1187 7 1
1187 8 1
1187 9 1
1187 10 1
1187 11 1
1187 12 1
1187 13 1
1187 14 1
1187 15 1
1187 16 1
1188 1 1
1188 2 1
1188 3 1
1188 4 1
1188 5 1
1188 6 1
1188 7 1
1188 8 1
1188 9 1
1188 10 1
1188 11 1
1188 12 1
1188 13 1
1188 14 1
1188 15 1
1188 16 1
1189 1 1
1189 2 1
1189 3 1
1189 4 1
1189 5 1
1189 6 1
1189 7 1
1189 8 1
1189 9 1
1189 10 1
1189 11 1
1189 12 1
1189 13 1
1189 14 1
1189 15 1
1189 16 1
1190 1 1
1190 2 1
1190 3 1
1190 4 1
1190 5 1
1190 6 1
1190 7 1
1190 8 1
1190 9 1
1190 10 1
1190 11 1
1190 12 1
1190 13 1
1190 14 1
1190 15 1
1190 16 1
1191 1 1
1191 2 1
1191 3 1
1191 4 1
1191 5 1
1191 6 1
1191 7 1
1191 8 1
1191 9 1
1191 10 1
1191 11 1
1191 12 1
1191 13 1
1191 14 1
1191 15 1
1191 16 1
1192 1 1
1192 2 1
1192 3 1
1192 4 1
1192 5 1
1192 6 1
1192 7 1
1192 8 1
1192 9 1
1192 10 1
1192 11 1
1192 12 1
1192 13 1
1192 14 1
1192 15 1
1192 16 1
1193 1 1
1193 2 1
1193 3 1
1193 4 1
1193 5 1
1193 6 1
1193 7 1
1193 8 1
1193 9 1
1193 10 1
1193 11 1
1193 12 1
1193 13 1
1193 14 1
1193 15 1
1193 16 1
1194 1 1
1194 2 1
1194 3 1
1194 4 1
1194 5 1
1194 6 1
1194 7 1
1194 8 1
1194 9 1
1194 10 1
1194 11 1
1194 12 1
1194 13 1
1194 14 1
1194 15 1
1194 16 1
1195 1 1
1195 2 1
1195 3 1
1195 4 1
1195 5 1
1195 6 1
1195 7 1
1195 8 1
1195 9 1
1195 10 1
1195 11 1
1195 12 1
1195 13 1
1195 14 1
1195 15 1
1195 16 1
1196 1 1
1196 2 1
1196 3 1
1196 4 1
1196 5 1
1196 6 1
1196 7 1
1196 8 1
1196 9 1
1196 10 1
1196 11 1
1196 12 1
1196 13 1
1196 14 1
1196 15 1
1196 16 1
1197 1 1
1197 2 1
1197 3 1
1197 4 1
1197 5 1
1197 6 1
1197 7 1
1197 8 1
1197 9 1
1197 10 1
1197 11 1
1197 12 1
1197 13 1
1197 14 1
1197 15 1
1197 16 1
1198 1 1
1198 2 1
1198 3 1
1198 4 1
1198 5 1
1198 6 1
1198 7 1
1198 8 1
1198 9 1
1198 10 1
1198 11 1
1198 12 1
1198 13 1
1198 14 1
1198 15 1
1198 16 1
1199 1 1
1199 2 1
1199 3 1
1199 4 1
1199 5 1
1199 6 1
1199 7 1
1199 8 1
1199 9 1
1199 10 1
1199 11 1
1199 12 1
1199 13 1
1199 14 1
1199 15 1
1199 16 1
1200 1 1
1200 2 1
1200 3 1
1200 4 1
1200 5 1
1200 6 1
1200 7 1
1200 8 1
1200 9 1
1200 10 1
1200 11 1
1200 12 1
1200 13 1
1200 14 1
1200 15 1
1200 16 1
1201 1 1
1201 2 1
1201 3 1
1201 4 1
1201 5 1
1201 6 1
1201 7 1
1201 8 1
1201 9 1
1201 10 1
1201 11 1
1201 12 1
1201 13 1
1201 14 1
1201 15 1
1201 16 1
1202 1 1
1202 2 1
1202 3 1
1202 4 1
1202 5 1
1202 6 1
1202 7 1
1202 8 1
1202 9 1
1202 10 1
1202 11 1
1202 12 1
1202 13 1
1202 14 1
1202 15 1
1202 16 1
1203 1 1
1203 2 1
1203 3 1
1203 4 1
1203 5 1
1203 6 1
1203 7 1
1203 8 1
1203 9 1
1203 10 1
1203 11 1
1203 12 1
1203 13 1
1203 14 1
1203 15 1
1203 16 1
1204 1 1
1204 2 1
1204 3 1
1204 4 1
1204 5 1
1204 6 1
1204 7 1
1204 8 1
1204 9 1
1204 10 1
1204 11 1
1204 12 1
1204 13 1
1204 14 1
1204 15 1
1204 16 1
1205 1 1
1205 2 1
1205 3 1
1205 4 1
1205 5 1
1205 6 1
1205 7 1
1205 8 1
1205 9 1
1205 10 1
1205 11 1
1205 12 1
1205 13 1
1205 14 1
1205 15 1
1205 16 1
1206 1 1
1206 2 1
1206 3 1
1206 4 1
1206 5 1
1206 6 1
1206 7 1
1206 8 1
1206 9 1
1206 10 1
1206 11 1
1206 12 1
1206 13 1
1206 14 1
1206 15 1
1206 16 1
1207 1 1
1207 2 1
1207 3 1
1207 4 1
1207 5 1
1207 6 1
1207 7 1
1207 8 1
1207 9 1
1207 10 1
1207 11 1
1207 12 1
1207 13 1
1207 14 1
1207 15 1
1207 16 1
1208 1 1
1208 2 1
1208 3 1
1208 4 1
1208 5 1
1208 6 1
1208 7 1
1208 8 1
1208 9 1
1208 10 1
1208 11 1
1208 12 1
1208 13 1
1208 14 1
1208 15 1
1208 16 1
1209 1 1
1209 2 1
1209 3 1
1209 4 1
1209 5 1
1209 6 1
1209 7 1
1209 8 1
1209 9 1
1209 10 1
1209 11 1
1209 12 1
1209 13 1
1209 14 1
1209 15 1
1209 16 1
1210 1 1
1210 2 1
1210 3 1
1210 4 1
1210 5 1
1210 6 1
1210 7 1
1210 8 1
1210 9 1
1210 10 1
1210 11 1
1210 12 1
1210 13 1
1210 14 1
1210 15 1
1210 16 1
1211 1 1
1211 2 1
1211 3 1
1211 4 1
1211 5 1
1211 6 1
1211 7 1
1211 8 1
1211 9 1
1211 10 1
1211 11 1
1211 12 1
1211 13 1
1211 14 1
1211 15 1
1211 16 1
1212 1 1
1212 2 1
1212 3 1
1212 4 1
1212 5 1
1212 6 1
1212 7 1
1212 8 1
1212 9 1
1212 10 1
1212 11 1
1212 12 1
1212 13 1
1212 14 1
1212 15 1
1212 16 1
1213 1 1
1213 2 1
1213 3 1
1213 4 1
1213 5 1
1213 6 1
1213 7 1
1213 8 1
1213 9 1
1213 10 1
1213 11 1
1213 12 1
1213 13 1
1213 14 1
1213 15 1
1213 16 1
1214 1 1
1214 2 1
1214 3 1
1214 4 1
1214 5 1
1214 6 1
1214 7 1
1214 8 1
1214 9 1
1214 10 1
1214 11 1
1214 12 1
1214 13 1
1214 14 1
1214 15 1
1214 16 1
1215 1 1
1215 2 1
1215 3 1
1215 4 1
1215 5 1
1215 6 1
1215 7 1
1215 8 1
1215 9 1
1215 10 1
1215 11 1
1215 12 1
1215 13 1
1215 14 1
1215 15 1
1215 16 1
1216 1 1
1216 2 1
1216 3 1
1216 4 1
1216 5 1
1216 6 1
1216 7 1
1216 8 1
1216 9 1
1216 10 1
1216 11 1
1216 12 1
1216 13 1
1216 14 1
1216 15 1
1216 16 1
1217 1 1
1217 2 1
1217 3 1
1217 4 1
1217 5 1
1217 6 1
1217 7 1
1217 8 1
1217 9 1
1217 10 1
1217 11 1
1217 12 1
1217 13 1
1217 14 1
1217 15 1
1217 16 1
1218 1 1
1218 2 1
1218 3 1
1218 4 1
1218 5 1
1218 6 1
1218 7 1
1218 8 1
1218 9 1
1218 10 1
1218 11 1
1218 12 1
1218 13 1
1218 14 1
1218 15 1
1218 16 1
1219 1 1
1219 2 1
1219 3 1
1219 4 1
1219 5 1
1219 6 1
1219 7 1
1219 8 1
1219 9 1
1219 10 1
1219 11 1
1219 12 1
1219 13 1
1219 14 1
1219 15 1
1219 16 1
1220 1 1
1220 2 1
1220 3 1
1220 4 1
1220 5 1
1220 6 1
1220 7 1
1220 8 1
1220 9 1
1220 10 1
1220 11 1
1220 12 1
1220 13 1
1220 14 1
1220 15 1
1220 16 1
1221 1 1
1221 2 1
1221 3 1
1221 4 1
1221 5 1
1221 6 1
1221 7 1
1221 8 1
1221 9 1
1221 10 1
1221 11 1
1221 12 1
1221 13 1
1221 14 1
1221 15 1
1221 16 1
1222 1 1
1222 2 1
1222 3 1
1222 4 1
1222 5 1
1222 6 1
1222 7 1
1222 8 1
1222 9 1
1222 10 1
1222 11 1
1222 12 1
1222 13 1
1222 14 1
1222 15 1
1222 16 1
1223 1 1
1223 2 1
1223 3 1
1223 4 1
1223 5 1
1223 6 1
1223 7 1
1223 8 1
1223 9 1
1223 10 1
1223 11 1
1223 12 1
1223 13 1
1223 14 1
1223 15 1
1223 16 1
1224 1 1
1224 2 1
1224 3 1
1224 4 1
1224 5 1
1224 6 1
1224 7 1
1224 8 1
1224 9 1
1224 10 1
1224 11 1
1224 12 1
1224 13 1
1224 14 1
1224 15 1
1224 16 1
1225 1 1
1225 2 1
1225 3 1
1225 4 1
1225 5 1
1225 6 1
1225 7 1
1225 8 1
1225 9 1
1225 10 1
1225 11 1
1225 12 1
1225 13 1
1225 14 1
1225 15 1
1225 16 1
1226 1 1
1226 2 1
1226 3 1
1226 4 1
1226 5 1
1226 6 1
1226 7 1
1226 8 1
1226 9 1
1226 10 1
1226 11 1
1226 12 1
1226 13 1
1226 14 1
1226 15 1
1226 16 1
1227 1 1
1227 2 1
1227 3 1
1227 4 1
1227 5 1
1227 6 1
1227 7 1
1227 8 1
1227 9 1
1227 10 1
1227 11 1
1227 12 1
1227 13 1
1227 14 1
1227 15 1
1227 16 1
1228 1 1
1228 2 1
1228 3 1
1228 4 1
1228 5 1
1228 6 1
1228 7 1
1228 8 1
1228 9 1
1228 10 1
1228 11 1
1228 12 1
1228 13 1
1228 14 1
1228 15 1
1228 16 1
1229 1 1
1229 2 1
1229 3 1
1229 4 1
1229 5 1
1229 6 1
1229 7 1
1229 8 1
1229 9 1
1229 10 1
1229 11 1
1229 12 1
1229 13 1
1229 14 1
1229 15 1
1229 16 1
1230 1 1
1230 2 1
1230 3 1
1230 4 1
1230 5 1
1230 6 1
1230 7 1
1230 8 1
1230 9 1
1230 10 1
1230 11 1
1230 12 1
1230 13 1
1230 14 1
1230 15 1
1230 16 1
1231 1 1
1231 2 1
1231 3 1
1231 4 1
1231 5 1
1231 6 1
1231 7 1
1231 8 1
1231 9 1
1231 10 1
1231 11 1
1231 12 1
1231 13 1
1231 14 1
1231 15 1
1231 16 1
1232 1 1
1232 2 1
1232 3 1
1232 4 1
1232 5 1
1232 6 1
1232 7 1
1232 8 1
1232 9 1
1232 10 1
1232 11 1
1232 12 1
1232 13 1
1232 14 1
1232 15 1
1232 16 1
1233 1 1
1233 2 1
1233 3 1
1233 4 1
1233 5 1
1233 6 1
1233 7 1
1233 8 1
1233 9 1
1233 10 1
1233 11 1
1233 12 1
1233 13 1
1233 14 1
1233 15 1
1233 16 1
1234 1 1
1234 2 1
1234 3 1
1234 4 1
1234 5 1
1234 6 1
1234 7 1
1234 8 1
1234 9 1
1234 10 1
1234 11 1
1234 12 1
1234 13 1
1234 14 1
1234 15 1
1234 16 1
1235 1 1
1235 2 1
1235 3 1
1235 4 1
1235 5 1
1235 6 1
1235 7 1
1235 8 1
1235 9 1
1235 10 1
1235 11 1
1235 12 1
1235 13 1
1235 14 1
1235 15 1
1235 16 1
1236 1 1
1236 2 1
1236 3 1
1236 4 1
1236 5 1
1236 6 1
1236 7 1
1236 8 1
1236 9 1
1236 10 1
1236 11 1
1236 12 1
1236 13 1
1236 14 1
1236 15 1
1236 16 1
1237 1 1
1237 2 1
1237 3 1
1237 4 1
1237 5 1
1237 6 1
1237 7 1
1237 8 1
1237 9 1
1237 10 1
1237 11 1
1237 12 1
1237 13 1
1237 14 1
1237 15 1
1237 16 1
1238 1 1
1238 2 1
1238 3 1
1238 4 1
1238 5 1
1238 6 1
1238 7 1
1238 8 1
1238 9 1
1238 10 1
1238 11 1
1238 12 1
1238 13 1
1238 14 1
1238 15 1
1238 16 1
1239 1 1
1239 2 1
1239 3 1
1239 4 1
1239 5 1
1239 6 1
1239 7 1
1239 8 1
1239 9 1
1239 10 1
1239 11 1
1239 12 1
1239 13 1
1239 14 1
1239 15 1
1239 16 1
1240 1 1
1240 2 1
1240 3 1
1240 4 1
1240 5 1
1240 6 1
1240 7 1
1240 8 1
1240 9 1
1240 10 1
1240 11 1
1240 12 1
1240 13 1
1240 14 1
1240 15 1
1240 16 1
1241 1 1
1241 2 1
1241 3 1
1241 4 1
1241 5 1
1241 6 1
1241 7 1
1241 8 1
1241 9 1
1241 10 1
1241 11 1
1241 12 1
1241 13 1
1241 14 1
1241 15 1
1241 16 1
1242 1 1
1242 2 1
1242 3 1
1242 4 1
1242 5 1
1242 6 1
1242 7 1
1242 8 1
1242 9 1
1242 10 1
1242 11 1
1242 12 1
1242 13 1
1242 14 1
1242 15 1
1242 16 1
1243 1 1
1243 2 1
1243 3 1
1243 4 1
1243 5 1
1243 6 1
1243 7 1
1243 8 1
1243 9 1
1243 10 1
1243 11 1
1243 12 1
1243 13 1
1243 14 1
1243 15 1
1243 16 1
1244 1 1
1244 2 1
1244 3 1
1244 4 1
1244 5 1
1244 6 1
1244 7 1
1244 8 1
1244 9 1
1244 10 1
1244 11 1
1244 12 1
1244 13 1
1244 14 1
1244 15 1
1244 16 1
1245 1 1
1245 2 1
1245 3 1
1245 4 1
1245 5 1
1245 6 1
1245 7 1
1245 8 1
1245 9 1
1245 10 1
1245 11 1
1245 12 1
1245 13 1
1245 14 1
1245 15 1
1245 16 1
1246 1 1
1246 2 1
1246 3 1
1246 4 1
1246 5 1
1246 6 1
1246 7 1
1246 8 1
1246 9 1
1246 10 1
1246 11 1
1246 12 1
1246 13 1
1246 14 1
1246 15 1
1246 16 1
1247 1 1
1247 2 1
1247 3 1
1247 4 1
1247 5 1
1247 6 1
1247 7 1
1247 8 1
1247 9 1
1247 10 1
1247 11 1
1247 12 1
1247 13 1
1247 14 1
1247 15 1
1247 16 1
1248 1 1
1248 2 1
1248 3 1
1248 4 1
1248 5 1
1248 6 1
1248 7 1
1248 8 1
1248 9 1
1248 10 1
1248 11 1
1248 12 1
1248 13 1
1248 14 1
1248 15 1
1248 16 1
1249 1 1
1249 2 1
1249 3 1
1249 4 1
1249 5 1
1249 6 1
1249 7 1
1249 8 1
1249 9 1
1249 10 1
1249 11 1
1249 12 1
1249 13 1
1249 14 1
1249 15 1
1249 16 1
1250 1 1
1250 2 1
1250 3 1
1250 4 1
1250 5 1
1250 6 1
1250 7 1
1250 8 1
1250 9 1
1250 10 1
1250 11 1
1250 12 1
1250 13 1
1250 14 1
1250 15 1
1250 16 1
1251 1 1
1251 2 1
1251 3 1
1251 4 1
1251 5 1
1251 6 1
1251 7 1
1251 8 1
1251 9 1
1251 10 1
1251 11 1
1251 12 1
1251 13 1
1251 14 1
1251 15 1
1251 16 1
1252 1 1
1252 2 1
1252 3 1
1252 4 1
1252 5 1
1252 6 1
1252 7 1
1252 8 1
1252 9 1
1252 10 1
1252 11 1
1252 12 1
1252 13 1
1252 14 1
1252 15 1
1252 16 1
1253 1 1
1253 2 1
1253 3 1
1253 4 1
1253 5 1
1253 6 1
1253 7 1
1253 8 1
1253 9 1
1253 10 1
1253 11 1
1253 12 1
1253 13 1
1253 14 1
1253 15 1
1253 16 1
1254 1 1
1254 2 1
1254 3 1
1254 4 1
1254 5 1
1254 6 1
1254 7 1
1254 8 1
1254 9 1
1254 10 1
1254 11 1
1254 12 1
1254 13 1
1254 14 1
1254 15 1
1254 16 1
1255 1 1
1255 2 1
1255 3 1
1255 4 1
1255 5 1
1255 6 1
1255 7 1
1255 8 1
1255 9 1
1255 10 1
1255 11 1
1255 12 1
1255 13 1
1255 14 1
1255 15 1
1255 16 1
1256 1 1
1256 2 1
1256 3 1
1256 4 1
1256 5 1
1256 6 1
1256 7 1
1256 8 1
1256 9 1
1256 10 1
1256 11 1
1256 12 1
1256 13 1
1256 14 1
1256 15 1
1256 16 1
1257 1 1
1257 2 1
1257 3 1
1257 4 1
1257 5 1
1257 6 1
1257 7 1
1257 8 1
1257 9 1
1257 10 1
1257 11 1
1257 12 1
1257 13 1
1257 14 1
1257 15 1
1257 16 1
1258 1 1
1258 2 1
1258 3 1
1258 4 1
1258 5 1
1258 6 1
1258 7 1
1258 8 1
1258 9 1
1258 10 1
1258 11 1
1258 12 1
1258 13 1
1258 14 1
1258 15 1
1258 16 1
1259 1 1
1259 2 1
1259 3 1
1259 4 1
1259 5 1
1259 6 1
1259 7 1
1259 8 1
1259 9 1
1259 10 1
1259 11 1
1259 12 1
1259 13 1
1259 14 1
1259 15 1
1259 16 1
1260 1 1
1260 2 1
1260 3 1
1260 4 1
1260 5 1
1260 6 1
1260 7 1
1260 8 1
1260 9 1
1260 10 1
1260 11 1
1260 12 1
1260 13 1
1260 14 1
1260 15 1
1260 16 1
1261 1 1
1261 2 1
1261 3 1
1261 4 1
1261 5 1
1261 6 1
1261 7 1
1261 8 1
1261 9 1
1261 10 1
1261 11 1
1261 12 1
1261 13 1
1261 14 1
1261 15 1
1261 16 1
1262 1 1
1262 2 1
1262 3 1
1262 4 1
1262 5 1
1262 6 1
1262 7 1
1262 8 1
1262 9 1
1262 10 1
1262 11 1
1262 12 1
1262 13 1
1262 14 1
1262 15 1
1262 16 1
1263 1 1
1263 2 1
1263 3 1
1263 4 1
1263 5 1
1263 6 1
1263 7 1
1263 8 1
1263 9 1
1263 10 1
1263 11 1
1263 12 1
1263 13 1
1263 14 1
1263 15 1
1263 16 1
1264 1 1
1264 2 1
1264 3 1
1264 4 1
1264 5 1
1264 6 1
1264 7 1
1264 8 1
1264 9 1
1264 10 1
1264 11 1
1264 12 1
1264 13 1
1264 14 1
1264 15 1
1264 16 1
1265 1 1
1265 2 1
1265 3 1
1265 4 1
1265 5 1
1265 6 1
1265 7 1
1265 8 1
1265 9 1
1265 10 1
1265 11 1
1265 12 1
1265 13 1
1265 14 1
1265 15 1
1265 16 1
1266 1 1
1266 2 1
1266 3 1
1266 4 1
1266 5 1
1266 6 1
1266 7 1
1266 8 1
1266 9 1
1266 10 1
1266 11 1
1266 12 1
1266 13 1
1266 14 1
1266 15 1
1266 16 1
1267 1 1
1267 2 1
1267 3 1
1267 4 1
1267 5 1
1267 6 1
1267 7 1
1267 8 1
1267 9 1
1267 10 1
1267 11 1
1267 12 1
1267 13 1
1267 14 1
1267 15 1
1267 16 1
1268 1 1
1268 2 1
1268 3 1
1268 4 1
1268 5 1
1268 6 1
1268 7 1
1268 8 1
1268 9 1
1268 10 1
1268 11 1
1268 12 1
1268 13 1
1268 14 1
1268 15 1
1268 16 1
1269 1 1
1269 2 1
1269 3 1
1269 4 1
1269 5 1
1269 6 1
1269 7 1
1269 8 1
1269 9 1
1269 10 1
1269 11 1
1269 12 1
1269 13 1
1269 14 1
1269 15 1
1269 16 1
1270 1 1
1270 2 1
1270 3 1
1270 4 1
1270 5 1
1270 6 1
1270 7 1
1270 8 1
1270 9 1
1270 10 1
1270 11 1
1270 12 1
1270 13 1
1270 14 1
1270 15 1
1270 16 1
1271 1 1
1271 2 1
1271 3 1
1271 4 1
1271 5 1
1271 6 1
1271 7 1
1271 8 1
1271 9 1
1271 10 1
1271 11 1
1271 12 1
1271 13 1
1271 14 1
1271 15 1
1271 16 1
1272 1 1
1272 2 1
1272 3 1
1272 4 1
1272 5 1
1272 6 1
1272 7 1
1272 8 1
1272 9 1
1272 10 1
1272 11 1
1272 12 1
1272 13 1
1272 14 1
1272 15 1
1272 16 1
1273 1 1
1273 2 1
1273 3 1
1273 4 1
1273 5 1
1273 6 1
1273 7 1
1273 8 1
1273 9 1
1273 10 1
1273 11 1
1273 12 1
1273 13 1
1273 14 1
1273 15 1
1273 16 1
1274 1 1
1274 2 1
1274 3 1
1274 4 1
1274 5 1
1274 6 1
1274 7 1
1274 8 1
1274 9 1
1274 10 1
1274 11 1
1274 12 1
1274 13 1
1274 14 1
1274 15 1
1274 16 1
1275 1 1
1275 2 1
1275 3 1
1275 4 1
1275 5 1
1275 6 1
1275 7 1
1275 8 1
1275 9 1
1275 10 1
1275 11 1
1275 12 1
1275 13 1
1275 14 1
1275 15 1
1275 16 1
1276 1 1
1276 2 1
1276 3 1
1276 4 1
1276 5 1
1276 6 1
1276 7 1
1276 8 1
1276 9 1
1276 10 1
1276 11 1
1276 12 1
1276 13 1
1276 14 1
1276 15 1
1276 16 1
1277 1 1
1277 2 1
1277 3 1
1277 4 1
1277 5 1
1277 6 1
1277 7 1
1277 8 1
1277 9 1
1277 10 1
1277 11 1
1277 12 1
1277 13 1
1277 14 1
1277 15 1
1277 16 1
1278 1 1
1278 2 1
1278 3 1
1278 4 1
1278 5 1
1278 6 1
1278 7 1
1278 8 1
1278 9 1
1278 10 1
1278 11 1
1278 12 1
1278 13 1
1278 14 1
1278 15 1
1278 16 1
1279 1 1
1279 2 1
1279 3 1
1279 4 1
1279 5 1
1279 6 1
1279 7 1
1279 8 1
1279 9 1
1279 10 1
1279 11 1
1279 12 1
1279 13 1
1279 14 1
1279 15 1
1279 16 1
1280 1 1
1280 2 1
1280 3 1
1280 4 1
1280 5 1
1280 6 1
1280 7 1
1280 8 1
1280 9 1
1280 10 1
1280 11 1
1280 12 1
1280 13 1
1280 14 1
1280 15 1
1280 16 1
1281 1 1
1281 2 1
1281 3 1
1281 4 1
1281 5 1
1281 6 1
1281 7 1
1281 8 1
1281 9 1
1281 10 1
1281 11 1
1281 12 1
1281 13 1
1281 14 1
1281 15 1
1281 16 1
1282 1 1
1282 2 1
1282 3 1
1282 4 1
1282 5 1
1282 6 1
1282 7 1
1282 8 1
1282 9 1
1282 10 1
1282 11 1
1282 12 1
1282 13 1
1282 14 1
1282 15 1
1282 16 1
1283 1 1
1283 2 1
1283 3 1
1283 4 1
1283 5 1
1283 6 1
1283 7 1
1283 8 1
1283 9 1
1283 10 1
1283 11 1
1283 12 1
1283 13 1
1283 14 1
1283 15 1
1283 16 1
1284 1 1
1284 2 1
1284 3 1
1284 4 1
1284 5 1
1284 6 1
1284 7 1
1284 8 1
1284 9 1
1284 10 1
1284 11 1
1284 12 1
1284 13 1
1284 14 1
1284 15 1
1284 16 1
1285 1 1
1285 2 1
1285 3 1
1285 4 1
1285 5 1
1285 6 1
1285 7 1
1285 8 1
1285 9 1
1285 10 1
1285 11 1
1285 12 1
1285 13 1
1285 14 1
1285 15 1
1285 16 1
1286 1 1
1286 2 1
1286 3 1
1286 4 1
1286 5 1
1286 6 1
1286 7 1
1286 8 1
1286 9 1
1286 10 1
1286 11 1
1286 12 1
1286 13 1
1286 14 1
1286 15 1
1286 16 1
1287 1 1
1287 2 1
1287 3 1
1287 4 1
1287 5 1
1287 6 1
1287 7 1
1287 8 1
1287 9 1
1287 10 1
1287 11 1
1287 12 1
1287 13 1
1287 14 1
1287 15 1
1287 16 1
1288 1 1
1288 2 1
1288 3 1
1288 4 1
1288 5 1
1288 6 1
1288 7 1
1288 8 1
1288 9 1
1288 10 1
1288 11 1
1288 12 1
1288 13 1
1288 14 1
1288 15 1
1288 16 1
1289 1 1
1289 2 1
1289 3 1
1289 4 1
1289 5 1
1289 6 1
1289 7 1
1289 8 1
1289 9 1
1289 10 1
1289 11 1
1289 12 1
1289 13 1
1289 14 1
1289 15 1
1289 16 1
1290 1 1
1290 2 1
1290 3 1
1290 4 1
1290 5 1
1290 6 1
1290 7 1
1290 8 1
1290 9 1
1290 10 1
1290 11 1
1290 12 1
1290 13 1
1290 14 1
1290 15 1
1290 16 1
1291 1 1
1291 2 1
1291 3 1
1291 4 1
1291 5 1
1291 6 1
1291 7 1
1291 8 1
1291 9 1
1291 10 1
1291 11 1
1291 12 1
1291 13 1
1291 14 1
1291 15 1
1291 16 1
1292 1 1
1292 2 1
1292 3 1
1292 4 1
1292 5 1
1292 6 1
1292 7 1
1292 8 1
1292 9 1
1292 10 1
1292 11 1
1292 12 1
1292 13 1
1292 14 1
1292 15 1
1292 16 1
1293 1 1
1293 2 1
1293 3 1
1293 4 1
1293 5 1
1293 6 1
1293 7 1
1293 8 1
1293 9 1
1293 10 1
1293 11 1
1293 12 1
1293 13 1
1293 14 1
1293 15 1
1293 16 1
1294 1 1
1294 2 1
1294 3 1
1294 4 1
1294 5 1
1294 6 1
1294 7 1
1294 8 1
1294 9 1
1294 10 1
1294 11 1
1294 12 1
1294 13 1
1294 14 1
1294 15 1
1294 16 1
1295 1 1
1295 2 1
1295 3 1
1295 4 1
1295 5 1
1295 6 1
1295 7 1
1295 8 1
1295 9 1
1295 10 1
1295 11 1
1295 12 1
1295 13 1
1295 14 1
1295 15 1
1295 16 1
1296 1 1
1296 2 1
1296 3 1
1296 4 1
1296 5 1
1296 6 1
1296 7 1
1296 8 1
1296 9 1
1296 10 1
1296 11 1
1296 12 1
1296 13 1
1296 14 1
1296 15 1
1296 16 1
1297 1 1
1297 2 1
1297 3 1
1297 4 1
1297 5 1
1297 6 1
1297 7 1
1297 8 1
1297 9 1
1297 10 1
1297 11 1
1297 12 1
1297 13 1
1297 14 1
1297 15 1
1297 16 1
1298 1 1
1298 2 1
1298 3 1
1298 4 1
1298 5 1
1298 6 1
1298 7 1
1298 8 1
1298 9 1
1298 10 1
1298 11 1
1298 12 1
1298 13 1
1298 14 1
1298 15 1
1298 16 1
1299 1 1
1299 2 1
1299 3 1
1299 4 1
1299 5 1
1299 6 1
1299 7 1
1299 8 1
1299 9 1
1299 10 1
1299 11 1
1299 12 1
1299 13 1
1299 14 1
1299 15 1
1299 16 1
1300 1 1
1300 2 1
1300 3 1
1300 4 1
1300 5 1
1300 6 1
1300 7 1
1300 8 1
1300 9 1
1300 10 1
1300 11 1
1300 12 1
1300 13 1
1300 14 1
1300 15 1
1300 16 1
1301 1 1
1301 2 1
1301 3 1
1301 4 1
1301 5 1
1301 6 1
1301 7 1
1301 8 1
1301 9 1
1301 10 1
1301 11 1
1301 12 1
1301 13 1
1301 14 1
1301 15 1
1301 16 1
1302 1 1
1302 2 1
1302 3 1
1302 4 1
1302 5 1
1302 6 1
1302 7 1
1302 8 1
1302 9 1
1302 10 1
1302 11 1
1302 12 1
1302 13 1
1302 14 1
1302 15 1
1302 16 1
1303 1 1
1303 2 1
1303 3 1
1303 4 1
1303 5 1
1303 6 1
1303 7 1
1303 8 1
1303 9 1
1303 10 1
1303 11 1
1303 12 1
1303 13 1
1303 14 1
1303 15 1
1303 16 1
1304 1 1
1304 2 1
1304 3 1
1304 4 1
1304 5 1
1304 6 1
1304 7 1
1304 8 1
1304 9 1
1304 10 1
1304 11 1
1304 12 1
1304 13 1
1304 14 1
1304 15 1
1304 16 1
1305 1 1
1305 2 1
1305 3 1
1305 4 1
1305 5 1
1305 6 1
1305 7 1
1305 8 1
1305 9 1
1305 10 1
1305 11 1
1305 12 1
1305 13 1
1305 14 1
1305 15 1
1305 16 1
1306 1 1
1306 2 1
1306 3 1
1306 4 1
1306 5 1
1306 6 1
1306 7 1
1306 8 1
1306 9 1
1306 10 1
1306 11 1
1306 12 1
1306 13 1
1306 14 1
1306 15 1
1306 16 1
1307 1 1
1307 2 1
1307 3 1
1307 4 1
1307 5 1
1307 6 1
1307 7 1
1307 8 1
1307 9 1
1307 10 1
1307 11 1
1307 12 1
1307 13 1
1307 14 1
1307 15 1
1307 16 1
1308 1 1
1308 2 1
1308 3 1
1308 4 1
1308 5 1
1308 6 1
1308 7 1
1308 8 1
1308 9 1
1308 10 1
1308 11 1
1308 12 1
1308 13 1
1308 14 1
1308 15 1
1308 16 1
1309 1 1
1309 2 1
1309 3 1
1309 4 1
1309 5 1
1309 6 1
1309 7 1
1309 8 1
1309 9 1
1309 10 1
1309 11 1
1309 12 1
1309 13 1
1309 14 1
1309 15 1
1309 16 1
1310 1 1
1310 2 1
1310 3 1
1310 4 1
1310 5 1
1310 6 1
1310 7 1
1310 8 1
1310 9 1
1310 10 1
1310 11 1
1310 12 1
1310 13 1
1310 14 1
1310 15 1
1310 16 1
1311 1 1
1311 2 1
1311 3 1
1311 4 1
1311 5 1
1311 6 1
1311 7 1
1311 8 1
1311 9 1
1311 10 1
1311 11 1
1311 12 1
1311 13 1
1311 14 1
1311 15 1
1311 16 1
1312 1 1
1312 2 1
1312 3 1
1312 4 1
1312 5 1
1312 6 1
1312 7 1
1312 8 1
1312 9 1
1312 10 1
1312 11 1
1312 12 1
1312 13 1
1312 14 1
1312 15 1
1312 16 1
1313 1 1
1313 2 1
1313 3 1
1313 4 1
1313 5 1
1313 6 1
1313 7 1
1313 8 1
1313 9 1
1313 10 1
1313 11 1
1313 12 1
1313 13 1
1313 14 1
1313 15 1
1313 16 1
1314 1 1
1314 2 1
1314 3 1
1314 4 1
1314 5 1
1314 6 1
1314 7 1
1314 8 1
1314 9 1
1314 10 1
1314 11 1
1314 12 1
1314 13 1
1314 14 1
1314 15 1
1314 16 1
1315 1 1
1315 2 1
1315 3 1
1315 4 1
1315 5 1
1315 6 1
1315 7 1
1315 8 1
1315 9 1
1315 10 1
1315 11 1
1315 12 1
1315 13 1
1315 14 1
1315 15 1
1315 16 1
1316 1 1
1316 2 1
1316 3 1
1316 4 1
1316 5 1
1316 6 1
1316 7 1
1316 8 1
1316 9 1
1316 10 1
1316 11 1
1316 12 1
1316 13 1
1316 14 1
1316 15 1
1316 16 1
1317 1 1
1317 2 1
1317 3 1
1317 4 1
1317 5 1
1317 6 1
1317 7 1
1317 8 1
1317 9 1
1317 10 1
1317 11 1
1317 12 1
1317 13 1
1317 14 1
1317 15 1
1317 16 1
1318 1 1
1318 2 1
1318 3 1
1318 4 1
1318 5 1
1318 6 1
1318 7 1
1318 8 1
1318 9 1
1318 10 1
1318 11 1
1318 12 1
1318 13 1
1318 14 1
1318 15 1
1318 16 1
1319 1 1
1319 2 1
1319 3 1
1319 4 1
1319 5 1
1319 6 1
1319 7 1
1319 8 1
1319 9 1
1319 10 1
1319 11 1
1319 12 1
1319 13 1
1319 14 1
1319 15 1
1319 16 1
1320 1 1
1320 2 1
1320 3 1
1320 4 1
1320 5 1
1320 6 1
1320 7 1
1320 8 1
1320 9 1
1320 10 1
1320 11 1
1320 12 1
1320 13 1
1320 14 1
1320 15 1
1320 16 1
1321 1 1
1321 2 1
1321 3 1
1321 4 1
1321 5 1
1321 6 1
1321 7 1
1321 8 1
1321 9 1
1321 10 1
1321 11 1
1321 12 1
1321 13 1
1321 14 1
1321 15 1
1321 16 1
1322 1 1
1322 2 1
1322 3 1
1322 4 1
1322 5 1
1322 6 1
1322 7 1
1322 8 1
1322 9 1
1322 10 1
1322 11 1
1322 12 1
1322 13 1
1322 14 1
1322 15 1
1322 16 1
1323 1 1
1323 2 1
1323 3 1
1323 4 1
1323 5 1
1323 6 1
1323 7 1
1323 8 1
1323 9 1
1323 10 1
1323 11 1
1323 12 1
1323 13 1
1323 14 1
1323 15 1
1323 16 1
1324 1 1
1324 2 1
1324 3 1
1324 4 1
1324 5 1
1324 6 1
1324 7 1
1324 8 1
1324 9 1
1324 10 1
1324 11 1
1324 12 1
1324 13 1
1324 14 1
1324 15 1
1324 16 1
1325 1 1
1325 2 1
1325 3 1
1325 4 1
1325 5 1
1325 6 1
1325 7 1
1325 8 1
1325 9 1
1325 10 1
1325 11 1
1325 12 1
1325 13 1
1325 14 1
1325 15 1
1325 16 1
1326 1 1
1326 2 1
1326 3 1
1326 4 1
1326 5 1
1326 6 1
1326 7 1
1326 8 1
1326 9 1
1326 10 1
1326 11 1
1326 12 1
1326 13 1
1326 14 1
1326 15 1
1326 16 1
1327 1 1
1327 2 1
1327 3 1
1327 4 1
1327 5 1
1327 6 1
1327 7 1
1327 8 1
1327 9 1
1327 10 1
1327 11 1
1327 12 1
1327 13 1
1327 14 1
1327 15 1
1327 16 1
1328 1 1
1328 2 1
1328 3 1
1328 4 1
1328 5 1
1328 6 1
1328 7 1
1328 8 1
1328 9 1
1328 10 1
1328 11 1
1328 12 1
1328 13 1
1328 14 1
1328 15 1
1328 16 1
1329 1 1
1329 2 1
1329 3 1
1329 4 1
1329 5 1
1329 6 1
1329 7 1
1329 8 1
1329 9 1
1329 10 1
1329 11 1
1329 12 1
1329 13 1
1329 14 1
1329 15 1
1329 16 1
1330 1 1
1330 2 1
1330 3 1
1330 4 1
1330 5 1
1330 6 1
1330 7 1
1330 8 1
1330 9 1
1330 10 1
1330 11 1
1330 12 1
1330 13 1
1330 14 1
1330 15 1
1330 16 1
1331 1 1
1331 2 1
1331 3 1
1331 4 1
1331 5 1
1331 6 1
1331 7 1
1331 8 1
1331 9 1
1331 10 1
1331 11 1
1331 12 1
1331 13 1
1331 14 1
1331 15 1
1331 16 1
1332 1 1
1332 2 1
1332 3 1
1332 4 1
1332 5 1
1332 6 1
1332 7 1
1332 8 1
1332 9 1
1332 10 1
1332 11 1
1332 12 1
1332 13 1
1332 14 1
1332 15 1
1332 16 1
1333 1 1
1333 2 1
1333 3 1
1333 4 1
1333 5 1
1333 6 1
1333 7 1
1333 8 1
1333 9 1
1333 10 1
1333 11 1
1333 12 1
1333 13 1
1333 14 1
1333 15 1
1333 16 1
1334 1 1
1334 2 1
1334 3 1
1334 4 1
1334 5 1
1334 6 1
1334 7 1
1334 8 1
1334 9 1
1334 10 1
1334 11 1
1334 12 1
1334 13 1
1334 14 1
1334 15 1
1334 16 1
1335 1 1
1335 2 1
1335 3 1
1335 4 1
1335 5 1
1335 6 1
1335 7 1
1335 8 1
1335 9 1
1335 10 1
1335 11 1
1335 12 1
1335 13 1
1335 14 1
1335 15 1
1335 16 1
1336 1 1
1336 2 1
1336 3 1
1336 4 1
1336 5 1
1336 6 1
1336 7 1
1336 8 1
1336 9 1
1336 10 1
1336 11 1
1336 12 1
1336 13 1
1336 14 1
1336 15 1
1336 16 1
1337 1 1
1337 2 1
1337 3 1
1337 4 1
1337 5 1
1337 6 1
1337 7 1
1337 8 1
1337 9 1
1337 10 1
1337 11 1
1337 12 1
1337 13 1
1337 14 1
1337 15 1
1337 16 1
1338 1 1
1338 2 1
1338 3 1
1338 4 1
1338 5 1
1338 6 1
1338 7 1
1338 8 1
1338 9 1
1338 10 1
1338 11 1
1338 12 1
1338 13 1
1338 14 1
1338 15 1
1338 16 1
1339 1 1
1339 2 1
1339 3 1
1339 4 1
1339 5 1
1339 6 1
1339 7 1
1339 8 1
1339 9 1
1339 10 1
1339 11 1
1339 12 1
1339 13 1
1339 14 1
1339 15 1
1339 16 1
1340 1 1
1340 2 1
1340 3 1
1340 4 1
1340 5 1
1340 6 1
1340 7 1
1340 8 1
1340 9 1
1340 10 1
1340 11 1
1340 12 1
1340 13 1
1340 14 1
1340 15 1
1340 16 1
1341 1 1
1341 2 1
1341 3 1
1341 4 1
1341 5 1
1341 6 1
1341 7 1
1341 8 1
1341 9 1
1341 10 1
1341 11 1
1341 12 1
1341 13 1
1341 14 1
1341 15 1
1341 16 1
1342 1 1
1342 2 1
1342 3 1
1342 4 1
1342 5 1
1342 6 1
1342 7 1
1342 8 1
1342 9 1
1342 10 1
1342 11 1
1342 12 1
1342 13 1
1342 14 1
1342 15 1
1342 16 1
1343 1 1
1343 2 1
1343 3 1
1343 4 1
1343 5 1
1343 6 1
1343 7 1
1343 8 1
1343 9 1
1343 10 1
1343 11 1
1343 12 1
1343 13 1
1343 14 1
1343 15 1
1343 16 1
